1,5
2,20
3,37
4,38
5,46
6,55
7,59
8,47
9,52
10,48
11,52
12,37
13,35
14,29
15,34
16,39
17,38
18,38
19,35
20,40
21,38
22,34
23,43
24,43
25,40
26,34
27,29
28,47
29,42
30,42
31,39
32,39
33,32
34,30
35,27
36,34
37,35
38,37
39,42
40,41
41,38
42,40
43,43
44,41
45,35
46,31
47,35
48,42
49,49
50,41
51,36
52,36
53,34
54,27
55,40
56,42
57,47
58,42
59,49
60,49
61,41
62,38
63,36
64,31
65,33
66,34
67,41
68,42
69,45
70,46
71,45
72,41
73,50
74,51
75,46
76,60
77,59
78,52
79,34
80,31
81,34
82,48
83,53
84,46
85,39
86,33
87,38
88,36
89,27
90,31
91,32
92,31
93,32
94,45
95,41
96,39
97,36
98,40
99,44
100,42
101,33
102,33
103,33
104,42
105,40
106,36
107,38
108,38
109,43
110,30
111,34
112,34
113,47
114,57
115,52
116,47
117,34
118,35
119,41
120,50
121,48
122,39
123,35
124,35
125,40
126,44
127,39
128,40
129,34
130,33
131,42
132,48
133,46
134,40
135,35
136,30
137,37
138,41
139,50
140,48
141,46
142,40
143,30
144,33
145,41
146,41
147,47
148,41
149,41
150,43
151,46
152,44
153,39
154,43
155,37
156,37
157,36
158,38
159,42
160,46
161,42
162,46
163,43
164,38
165,33
166,35
167,30
168,33
169,38
170,44
171,43
172,41
173,33
174,34
175,37
176,38
177,42
178,32
179,43
180,50
181,54
182,54
183,50
184,44
185,47
186,41
187,48
188,42
189,40
190,45
191,48
192,50
193,47
194,35
195,36
196,33
197,38
198,45
199,39
200,29
201,37
202,31
203,22
204,28
205,42
206,43
207,46
208,36
209,30
210,27
211,35
212,39
213,42
214,41
215,39
216,44
217,38
218,42
219,47
220,44
221,35
222,31
223,30
224,36
225,34
226,44
227,48
228,44
229,39
230,45
231,41
232,33
233,47
234,52
235,47
236,45
237,43
238,57
239,42
240,29
241,33
242,35
243,39
244,39
245,35
246,39
247,38
248,40
249,34
250,43
251,44
252,48
253,45
254,42
255,42
256,39
257,44
258,38
259,45
260,46
261,48
262,41
263,34
264,35
265,32
266,30
267,40
268,45
269,49
270,49
271,44
272,41
273,37
274,37
275,37
276,41
277,38
278,39
279,34
280,36
281,44
282,45
283,44
284,35
285,37
286,33
287,37
288,39
289,40
290,39
291,39
292,42
293,48
294,48
295,44
296,42
297,35
298,43
299,48
300,47
301,44
302,41
303,33
304,34
305,40
306,47
307,45
308,41
309,44
310,46
311,45
312,50
313,51
314,43
315,34
316,40
317,35
318,39
319,38
320,42
321,40
322,42
323,47
324,48
325,43
326,43
327,51
328,47
329,40
330,44
331,48
332,39
333,33
334,30
335,33
336,39
337,36
338,26
339,30
340,43
341,44
342,47
343,41
344,49
345,40
346,42
347,38
348,39
349,34
350,33
351,32
352,30
353,28
354,34
355,37
356,40
357,43
358,46
359,41
360,40
361,34
362,34
363,25
364,34
365,33
366,27
367,26
368,32
369,36
370,39
371,49
372,49
373,35
374,34
375,38
376,44
377,43
378,36
379,41
380,39
381,40
382,44
383,43
384,40
385,41
386,36
387,40
388,40
389,37
390,44
391,46
392,40
393,46
394,50
395,50
396,47
397,41
398,42
399,46
400,43
401,39
402,39
403,40
404,33
405,37
406,36
407,42
408,30
409,28
410,29
411,35
412,35
413,38
414,38
415,38
416,30
417,26
418,29
419,28
420,30
421,41
422,49
423,40
424,43
425,38
426,43
427,41
428,51
429,57
430,45
431,40
432,36
433,37
434,37
435,50
436,52
437,50
438,49
439,51
440,44
441,39
442,37
443,34
444,32
445,36
446,39
447,41
448,36
449,42
450,37
451,40
452,48
453,41
454,39
455,30
456,34
457,32
458,36
459,43
460,43
461,44
462,44
463,38
464,39
465,39
466,35
467,36
468,41
469,36
470,42
471,45
472,43
473,32
474,33
475,35
476,43
477,37
478,43
479,50
480,40
481,39
482,37
483,39
484,40
485,36
486,34
487,39
488,37
489,42
490,47
491,57
492,43
493,38
494,51
495,56
496,55
497,47
498,38
499,35
500,36
501,36
502,40
503,31
504,37
505,45
506,51
507,52
508,51
509,50
510,44
511,40
512,39
513,41
514,38
515,38
516,42
517,39
518,28
519,40
520,48
521,43
522,33
523,33
524,44
525,39
526,37
527,39
528,38
529,36
530,35
531,41
532,38
533,34
534,44
535,50
536,50
537,44
538,40
539,34
540,40
541,42
542,44
543,35
544,36
545,37
546,36
547,47
548,41
549,41
550,39
551,45
552,38
553,39
554,42
555,44
556,49
557,49
558,44
559,37
560,37
561,33
562,36
563,37
564,38
565,38
566,42
567,44
568,38
569,38
570,40
571,43
572,45
573,41
574,47
575,41
576,39
577,35
578,47
579,51
580,45
581,39
582,45
583,46
584,45
585,44
586,50
587,39
588,38
589,26
590,29
591,33
592,40
593,47
594,48
595,45
596,40
597,41
598,48
599,48
600,48
601,41
602,35
603,42
604,45
605,45
606,38
607,29
608,33
609,45
610,54
611,48
612,42
613,47
614,51
615,53
616,44
617,42
618,46
619,47
620,42
621,34
622,33
623,37
624,43
625,46
626,59
627,56
628,45
629,32
630,34
631,28
632,26
633,34
634,42
635,46
636,49
637,55
638,47
639,41
640,42
641,43
642,43
643,44
644,39
645,41
646,40
647,42
648,48
649,44
650,36
651,38
652,50
653,42
654,40
655,42
656,37
657,32
658,33
659,35
660,39
661,45
662,46
663,48
664,58
665,62
666,57
667,52
668,46
669,41
670,36
671,42
672,40
673,43
674,38
675,34
676,33
677,34
678,32
679,34
680,42
681,37
682,42
683,44
684,41
685,42
686,44
687,42
688,44
689,36
690,36
691,37
692,34
693,28
694,35
695,34
696,40
697,40
698,43
699,46
700,42
701,36
702,35
703,31
704,34
705,34
706,34
707,47
708,48
709,48
710,45
711,46
712,40
713,37
714,42
715,43
716,45
717,36
718,27
719,27
720,35
721,42
722,34
723,33
724,30
725,38
726,35
727,40
728,30
729,44
730,41
731,34
732,32
733,32
734,43
735,47
736,43
737,39
738,46
739,45
740,48
741,54
742,47
743,40
744,42
745,53
746,52
747,42
748,32
749,36
750,33
751,41
752,41
753,40
754,39
755,39
756,49
757,43
758,48
759,45
760,46
761,44
762,47
763,42
764,43
765,37
766,36
767,37
768,33
769,26
770,40
771,48
772,38
773,35
774,36
775,33
776,30
777,35
778,41
779,54
780,46
781,36
782,35
783,33
784,41
785,44
786,44
787,34
788,36
789,41
790,42
791,34
792,31
793,26
794,30
795,32
796,47
797,45
798,44
799,38
800,33
801,33
802,35
803,38
804,45
805,41
806,38
807,40
808,45
809,35
810,42
811,41
812,37
813,30
814,34
815,35
816,34
817,30
818,31
819,37
820,44
821,37
822,36
823,47
824,44
825,40
826,35
827,32
828,34
829,32
830,27
831,38
832,43
833,39
834,40
835,40
836,44
837,49
838,50
839,44
840,38
841,34
842,35
843,33
844,33
845,39
846,35
847,29
848,36
849,53
850,49
851,39
852,30
853,32
854,31
855,31
856,32
857,47
858,52
859,52
860,47
861,43
862,40
863,47
864,41
865,45
866,40
867,38
868,43
869,45
870,42
871,43
872,48
873,45
874,39
875,34
876,37
877,47
878,37
879,37
880,41
881,44
882,48
883,40
884,40
885,39
886,40
887,42
888,41
889,56
890,53
891,53
892,46
893,39
894,32
895,32
896,31
897,34
898,36
899,33
900,49
901,55
902,44
903,45
904,43
905,40
906,33
907,35
908,39
909,31
910,36
911,33
912,37
913,41
914,44
915,44
916,38
917,36
918,43
919,43
920,34
921,34
922,32
923,30
924,30
925,35
926,41
927,42
928,46
929,43
930,43
931,34
932,34
933,36
934,45
935,49
936,44
937,41
938,40
939,44
940,34
941,33
942,32
943,38
944,42
945,44
946,40
947,39
948,37
949,43
950,52
951,45
952,48
953,41
954,46
955,43
956,41
957,41
958,40
959,39
960,47
961,38
962,38
963,33
964,33
965,35
966,38
967,38
968,39
969,49
970,50
971,44
972,43
973,37
974,30
975,37
976,46
977,43
978,37
979,28
980,39
981,41
982,35
983,28
984,22
985,33
986,47
987,45
988,41
989,32
990,41
991,33
992,35
993,43
994,47
995,27
996,28
997,31
998,38
999,36
1000,28
1001,36
1002,37
1003,37
1004,30
1005,36
1006,37
1007,46
1008,45
1009,43
1010,37
1011,38
1012,41
1013,28
1014,23
1015,27
1016,32
1017,43
1018,47
1019,44
1020,37
1021,47
1022,39
1023,36
1024,29
1025,37
1026,39
1027,48
1028,50
1029,46
1030,40
1031,47
1032,45
1033,32
1034,30
1035,32
1036,35
1037,36
1038,45
1039,48
1040,44
1041,38
1042,37
1043,40
1044,45
1045,50
1046,51
1047,46
1048,46
1049,41
1050,49
1051,51
1052,54
1053,43
1054,38
1055,36
1056,39
1057,46
1058,46
1059,40
1060,36
1061,42
1062,44
1063,42
1064,37
1065,36
1066,34
1067,49
1068,53
1069,47
1070,39
1071,34
1072,38
1073,42
1074,42
1075,39
1076,47
1077,49
1078,41
1079,33
1080,34
1081,38
1082,43
1083,44
1084,36
1085,39
1086,36
1087,31
1088,37
1089,33
1090,36
1091,41
1092,37
1093,33
1094,34
1095,32
1096,31
1097,31
1098,41
1099,40
1100,46
1101,44
1102,40
1103,43
1104,41
1105,51
1106,40
1107,35
1108,34
1109,37
1110,43
1111,45
1112,45
1113,45
1114,41
1115,48
1116,45
1117,50
1118,48
1119,41
1120,33
1121,37
1122,43
1123,42
1124,33
1125,33
1126,32
1127,35
1128,38
1129,39
1130,34
1131,35
1132,42
1133,44
1134,46
1135,53
1136,51
1137,42
1138,38
1139,34
1140,41
1141,40
1142,39
1143,39
1144,47
1145,48
1146,43
1147,44
1148,43
1149,31
1150,35
1151,31
1152,27
1153,28
1154,31
1155,35
1156,47
1157,54
1158,50
1159,44
1160,38
1161,31
1162,28
1163,31
1164,40
1165,36
1166,40
1167,38
1168,33
1169,32
1170,37
1171,35
1172,36
1173,43
1174,37
1175,45
1176,48
1177,41
1178,42
1179,49
1180,48
1181,40
1182,48
1183,45
1184,38
1185,24
1186,29
1187,35
1188,35
1189,39
1190,35
1191,36
1192,42
1193,45
1194,47
1195,37
1196,38
1197,35
1198,41
1199,39
1200,54
1201,45
1202,29
1203,19
1204,29
1205,40
1206,44
1207,40
1208,30
1209,31
1210,39
1211,37
1212,36
1213,41
1214,41
1215,38
1216,40
1217,35
1218,36
1219,33
1220,38
1221,43
1222,37
1223,35
1224,34
1225,37
1226,30
1227,36
1228,37
1229,45
1230,38
1231,34
1232,39
1233,39
1234,37
1235,40
1236,34
1237,47
1238,53
1239,49
1240,45
1241,46
1242,43
1243,46
1244,38
1245,37
1246,32
1247,39
1248,43
1249,43
1250,38
1251,33
1252,37
1253,49
1254,51
1255,46
1256,39
1257,35
1258,37
1259,44
1260,47
1261,40
1262,44
1263,43
1264,39
1265,41
1266,37
1267,38
1268,36
1269,32
1270,32
1271,37
1272,42
1273,41
1274,45
1275,46
1276,42
1277,39
1278,32
1279,31
1280,30
1281,39
1282,37
1283,28
1284,27
1285,30
1286,30
1287,39
1288,37
1289,38
1290,39
1291,40
1292,39
1293,35
1294,32
1295,36
1296,31
1297,36
1298,43
1299,42
1300,41
1301,34
1302,39
1303,37
1304,31
1305,38
1306,40
1307,40
1308,35
1309,32
1310,41
1311,44
1312,52
1313,47
1314,58
1315,41
1316,27
1317,33
1318,41
1319,38
1320,38
1321,38
1322,34
1323,32
1324,42
1325,41
1326,42
1327,39
1328,45
1329,48
1330,48
1331,44
1332,47
1333,49
1334,50
1335,47
1336,44
1337,42
1338,41
1339,45
1340,40
1341,33
1342,31
1343,43
1344,37
1345,35
1346,34
1347,35
1348,37
1349,44
1350,44
1351,33
1352,36
1353,35
1354,38
1355,39
1356,46
1357,55
1358,49
1359,44
1360,42
1361,40
1362,45
1363,45
1364,44
1365,46
1366,48
1367,46
1368,46
1369,51
1370,55
1371,47
1372,39
1373,28
1374,28
1375,36
1376,41
1377,46
1378,47
1379,47
1380,44
1381,41
1382,36
1383,30
1384,28
1385,35
1386,36
1387,41
1388,35
1389,30
1390,38
1391,36
1392,35
1393,26
1394,33
1395,43
1396,46
1397,34
1398,31
1399,33
1400,33
1401,37
1402,41
1403,37
1404,31
1405,28
1406,31
1407,38
1408,42
1409,38
1410,35
1411,34
1412,32
1413,25
1414,24
1415,30
1416,36
1417,34
1418,31
1419,31
1420,33
1421,44
1422,42
1423,40
1424,40
1425,42
1426,40
1427,40
1428,42
1429,43
1430,43
1431,39
1432,35
1433,33
1434,33
1435,34
1436,42
1437,49
1438,39
1439,36
1440,35
1441,42
1442,40
1443,38
1444,44
1445,42
1446,45
1447,40
1448,38
1449,42
1450,40
1451,43
1452,42
1453,35
1454,35
1455,36
1456,40
1457,46
1458,45
1459,42
1460,33
1461,33
1462,39
1463,42
1464,34
1465,35
1466,41
1467,49
1468,43
1469,42
1470,45
1471,45
1472,45
1473,43
1474,44
1475,40
1476,44
1477,41
1478,32
1479,36
1480,35
1481,42
1482,43
1483,44
1484,41
1485,42
1486,54
1487,52
1488,47
1489,42
1490,47
1491,48
1492,50
1493,52
1494,53
1495,48
1496,43
1497,31
1498,36
1499,45
1500,49
1501,45
1502,41
1503,35
1504,39
1505,44
1506,45
1507,49
1508,30
1509,27
1510,26
1511,27
1512,24
1513,34
1514,37
1515,41
1516,41
1517,42
1518,42
1519,42
1520,38
1521,37
1522,35
1523,37
1524,39
1525,43
1526,43
1527,38
1528,39
1529,38
1530,44
1531,50
1532,42
1533,40
1534,41
1535,39
1536,40
1537,46
1538,44
1539,40
1540,39
1541,38
1542,39
1543,40
1544,44
1545,44
1546,43
1547,45
1548,39
1549,47
1550,44
1551,43
1552,45
1553,58
1554,46
1555,39
1556,38
1557,41
1558,38
1559,31
1560,26
1561,39
1562,44
1563,41
1564,36
1565,35
1566,34
1567,34
1568,33
1569,39
1570,38
1571,46
1572,51
1573,39
1574,27
1575,38
1576,47
1577,54
1578,49
1579,51
1580,40
1581,47
1582,48
1583,41
1584,35
1585,34
1586,39
1587,41
1588,37
1589,25
1590,23
1591,31
1592,33
1593,40
1594,43
1595,43
1596,44
1597,43
1598,34
1599,45
1600,38
1601,42
1602,50
1603,59
1604,40
1605,34
1606,29
1607,40
1608,40
1609,41
1610,39
1611,42
1612,41
1613,48
1614,34
1615,43
1616,40
1617,41
1618,50
1619,44
1620,41
1621,38
1622,43
1623,38
1624,35
1625,30
1626,30
1627,24
1628,26
1629,33
1630,45
1631,39
1632,38
1633,30
1634,38
1635,42
1636,42
1637,48
1638,45
1639,31
1640,22
1641,35
1642,42
1643,43
1644,39
1645,41
1646,37
1647,39
1648,45
1649,41
1650,41
1651,36
1652,41
1653,45
1654,44
1655,37
1656,36
1657,33
1658,26
1659,38
1660,54
1661,62
1662,58
1663,37
1664,41
1665,29
1666,24
1667,33
1668,47
1669,57
1670,45
1671,39
1672,32
1673,30
1674,39
1675,35
1676,37
1677,33
1678,30
1679,40
1680,51
1681,56
1682,56
1683,57
1684,50
1685,44
1686,47
1687,41
1688,41
1689,43
1690,48
1691,50
1692,45
1693,38
1694,37
1695,42
1696,32
1697,36
1698,45
1699,43
1700,39
1701,33
1702,38
1703,39
1704,39
1705,39
1706,39
1707,40
1708,43
1709,50
1710,45
1711,47
1712,39
1713,40
1714,40
1715,51
1716,52
1717,40
1718,42
1719,38
1720,37
1721,39
1722,36
1723,35
1724,34
1725,39
1726,34
1727,38
1728,39
1729,44
1730,31
1731,29
1732,37
1733,36
1734,36
1735,37
1736,40
1737,44
1738,46
1739,47
1740,43
1741,41
1742,28
1743,45
1744,47
1745,45
1746,35
1747,36
1748,42
1749,35
1750,37
1751,39
1752,42
1753,35
1754,31
1755,33
1756,37
1757,36
1758,39
1759,41
1760,44
1761,46
1762,45
1763,47
1764,44
1765,39
1766,31
1767,40
1768,35
1769,41
1770,39
1771,42
1772,45
1773,42
1774,40
1775,33
1776,32
1777,36
1778,34
1779,37
1780,40
1781,39
1782,35
1783,36
1784,36
1785,40
1786,48
1787,48
1788,40
1789,31
1790,34
1791,40
1792,45
1793,52
1794,56
1795,52
1796,42
1797,43
1798,48
1799,48
1800,48
1801,36
1802,43
1803,44
1804,42
1805,45
1806,43
1807,46
1808,55
1809,40
1810,41
1811,42
1812,39
1813,46
1814,49
1815,43
1816,44
1817,34
1818,38
1819,37
1820,36
1821,37
1822,41
1823,48
1824,46
1825,50
1826,44
1827,38
1828,26
1829,24
1830,30
1831,31
1832,33
1833,37
1834,33
1835,39
1836,36
1837,43
1838,40
1839,38
1840,43
1841,57
1842,49
1843,48
1844,44
1845,42
1846,30
1847,32
1848,28
1849,23
1850,24
1851,35
1852,36
1853,41
1854,38
1855,42
1856,40
1857,33
1858,38
1859,31
1860,34
1861,34
1862,31
1863,37
1864,32
1865,25
1866,39
1867,37
1868,34
1869,30
1870,33
1871,47
1872,48
1873,42
1874,39
1875,38
1876,28
1877,26
1878,44
1879,50
1880,49
1881,38
1882,36
1883,38
1884,33
1885,33
1886,39
1887,41
1888,46
1889,40
1890,40
1891,41
1892,43
1893,54
1894,66
1895,62
1896,56
1897,43
1898,41
1899,37
1900,30
1901,35
1902,37
1903,38
1904,29
1905,28
1906,30
1907,33
1908,39
1909,45
1910,53
1911,48
1912,35
1913,33
1914,30
1915,30
1916,25
1917,23
1918,26
1919,29
1920,31
1921,35
1922,41
1923,47
1924,37
1925,34
1926,30
1927,42
1928,41
1929,40
1930,41
1931,41
1932,31
1933,37
1934,38
1935,39
1936,36
1937,35
1938,37
1939,48
1940,48
1941,42
1942,42
1943,37
1944,44
1945,49
1946,44
1947,39
1948,40
1949,41
1950,45
1951,52
1952,52
1953,47
1954,36
1955,44
1956,33
1957,42
1958,40
1959,41
1960,31
1961,37
1962,39
1963,41
1964,37
1965,45
1966,49
1967,42
1968,38
1969,33
1970,39
1971,37
1972,41
1973,40
1974,43
1975,60
1976,55
1977,44
1978,45
1979,44
1980,33
1981,36
1982,43
1983,39
1984,44
1985,42
1986,57
1987,45
1988,45
1989,40
1990,52
1991,53
1992,54
1993,52
1994,51
1995,42
1996,41
1997,40
1998,35
1999,42
2000,39
2001,38
2002,33
2003,34
2004,41
2005,34
2006,42
2007,42
2008,45
2009,49
2010,47
2011,37
2012,33
2013,38
2014,36
2015,38
2016,38
2017,36
2018,42
2019,44
2020,45
2021,43
2022,34
2023,32
2024,36
2025,37
2026,32
2027,29
2028,37
2029,44
2030,47
2031,38
2032,35
2033,41
2034,38
2035,39
2036,38
2037,44
2038,48
2039,50
2040,45
2041,38
2042,39
2043,39
2044,40
2045,38
2046,50
2047,38
2048,42
2049,40
2050,45
2051,45
2052,40
2053,39
2054,37
2055,33
2056,31
2057,34
2058,40
2059,39
2060,35
2061,35
2062,39
2063,45
2064,43
2065,38
2066,40
2067,37
2068,38
2069,33
2070,26
2071,34
2072,40
2073,44
2074,41
2075,47
2076,39
2077,48
2078,43
2079,49
2080,46
2081,41
2082,38
2083,44
2084,45
2085,44
2086,46
2087,38
2088,28
2089,30
2090,31
2091,37
2092,32
2093,30
2094,37
2095,37
2096,38
2097,36
2098,40
2099,37
2100,34
2101,36
2102,43
2103,48
2104,41
2105,35
2106,42
2107,46
2108,43
2109,30
2110,37
2111,40
2112,43
2113,41
2114,37
2115,42
2116,41
2117,49
2118,43
2119,38
2120,37
2121,38
2122,40
2123,40
2124,43
2125,39
2126,31
2127,45
2128,45
2129,35
2130,39
2131,49
2132,44
2133,43
2134,38
2135,30
2136,29
2137,37
2138,46
2139,53
2140,51
2141,50
2142,45
2143,43
2144,40
2145,38
2146,41
2147,49
2148,44
2149,40
2150,34
2151,34
2152,39
2153,37
2154,38
2155,39
2156,40
2157,42
2158,43
2159,40
2160,47
2161,54
2162,50
2163,51
2164,41
2165,42
2166,42
2167,47
2168,37
2169,44
2170,39
2171,36
2172,35
2173,35
2174,34
2175,27
2176,39
2177,44
2178,37
2179,26
2180,34
2181,30
2182,36
2183,39
2184,43
2185,37
2186,37
2187,33
2188,41
2189,43
2190,43
2191,42
2192,41
2193,38
2194,37
2195,47
2196,47
2197,42
2198,36
2199,27
2200,28
2201,35
2202,42
2203,52
2204,43
2205,35
2206,34
2207,41
2208,52
2209,53
2210,44
2211,31
2212,43
2213,47
2214,41
2215,36
2216,41
2217,45
2218,39
2219,37
2220,36
2221,33
2222,42
2223,42
2224,41
2225,39
2226,37
2227,44
2228,48
2229,40
2230,40
2231,37
2232,40
2233,40
2234,44
2235,41
2236,35
2237,41
2238,39
2239,38
2240,43
2241,47
2242,36
2243,34
2244,45
2245,47
2246,43
2247,40
2248,33
2249,27
2250,35
2251,43
2252,46
2253,41
2254,36
2255,41
2256,52
2257,50
2258,40
2259,25
2260,30
2261,34
2262,40
2263,41
2264,50
2265,47
2266,52
2267,41
2268,33
2269,41
2270,46
2271,38
2272,36
2273,37
2274,36
2275,39
2276,36
2277,39
2278,40
2279,43
2280,39
2281,34
2282,35
2283,42
2284,38
2285,41
2286,40
2287,40
2288,45
2289,39
2290,31
2291,25
2292,30
2293,43
2294,43
2295,42
2296,39
2297,40
2298,37
2299,43
2300,45
2301,42
2302,41
2303,46
2304,46
2305,45
2306,38
2307,32
2308,39
2309,44
2310,44
2311,38
2312,43
2313,47
2314,41
2315,36
2316,39
2317,43
2318,45
2319,43
2320,48
2321,44
2322,46
2323,45
2324,48
2325,47
2326,54
2327,48
2328,37
2329,31
2330,28
2331,34
2332,40
2333,47
2334,52
2335,37
2336,30
2337,32
2338,46
2339,43
2340,42
2341,53
2342,46
2343,49
2344,44
2345,35
2346,37
2347,41
2348,57
2349,53
2350,49
2351,46
2352,43
2353,51
2354,43
2355,40
2356,39
2357,39
2358,39
2359,39
2360,48
2361,43
2362,30
2363,35
2364,36
2365,42
2366,41
2367,41
2368,43
2369,41
2370,43
2371,40
2372,40
2373,44
2374,47
2375,43
2376,42
2377,39
2378,44
2379,50
2380,47
2381,37
2382,44
2383,43
2384,46
2385,47
2386,42
2387,47
2388,52
2389,55
2390,48
2391,38
2392,44
2393,45
2394,50
2395,40
2396,38
2397,38
2398,37
2399,31
2400,33
2401,31
2402,30
2403,36
2404,40
2405,45
2406,49
2407,38
2408,37
2409,36
2410,49
2411,39
2412,30
2413,34
2414,47
2415,45
2416,49
2417,44
2418,43
2419,41
2420,43
2421,44
2422,43
2423,43
2424,42
2425,32
2426,34
2427,46
2428,51
2429,48
2430,32
2431,34
2432,41
2433,52
2434,46
2435,44
2436,33
2437,33
2438,37
2439,48
2440,45
2441,45
2442,44
2443,46
2444,51
2445,41
2446,39
2447,36
2448,39
2449,41
2450,42
2451,38
2452,33
2453,28
2454,35
2455,43
2456,44
2457,42
2458,41
2459,32
2460,35
2461,40
2462,48
2463,39
2464,41
2465,45
2466,39
2467,42
2468,44
2469,49
2470,41
2471,43
2472,34
2473,37
2474,38
2475,38
2476,44
2477,55
2478,51
2479,36
2480,33
2481,39
2482,43
2483,39
2484,39
2485,44
2486,41
2487,38
2488,43
2489,39
2490,47
2491,53
2492,48
2493,48
2494,40
2495,39
2496,45
2497,43
2498,46
2499,49
2500,48
2501,48
2502,39
2503,40
2504,39
2505,39
2506,41
2507,42
2508,48
2509,47
2510,44
2511,46
2512,42
2513,40
2514,43
2515,42
2516,41
2517,42
2518,50
2519,42
2520,37
2521,40
2522,44
2523,36
2524,32
2525,27
2526,32
2527,34
2528,39
2529,41
2530,38
2531,35
2532,35
2533,43
2534,47
2535,43
2536,49
2537,42
2538,41
2539,44
2540,33
2541,32
2542,31
2543,33
2544,32
2545,35
2546,30
2547,36
2548,36
2549,38
2550,41
2551,45
2552,50
2553,47
2554,36
2555,42
2556,52
2557,47
2558,37
2559,37
2560,40
2561,34
2562,37
2563,41
2564,50
2565,47
2566,47
2567,48
2568,40
2569,40
2570,45
2571,38
2572,35
2573,33
2574,38
2575,41
2576,41
2577,37
2578,38
2579,40
2580,37
2581,38
2582,29
2583,34
2584,43
2585,56
2586,48
2587,49
2588,39
2589,29
2590,30
2591,33
2592,30
2593,37
2594,40
2595,40
2596,41
2597,41
2598,48
2599,42
2600,31
2601,36
2602,43
2603,48
2604,39
2605,38
2606,46
2607,45
2608,42
2609,39
2610,43
2611,38
2612,42
2613,35
2614,42
2615,40
2616,40
2617,41
2618,42
2619,51
2620,51
2621,44
2622,36
2623,45
2624,33
2625,27
2626,29
2627,33
2628,29
2629,34
2630,35
2631,38
2632,35
2633,39
2634,43
2635,36
2636,30
2637,28
2638,37
2639,41
2640,35
2641,35
2642,37
2643,36
2644,30
2645,29
2646,39
2647,47
2648,57
2649,58
2650,49
2651,42
2652,38
2653,38
2654,35
2655,46
2656,45
2657,40
2658,46
2659,43
2660,44
2661,43
2662,33
2663,29
2664,36
2665,35
2666,41
2667,44
2668,48
2669,47
2670,42
2671,50
2672,52
2673,50
2674,48
2675,44
2676,35
2677,33
2678,30
2679,45
2680,46
2681,44
2682,47
2683,41
2684,39
2685,36
2686,35
2687,39
2688,46
2689,47
2690,49
2691,42
2692,37
2693,35
2694,45
2695,45
2696,37
2697,33
2698,31
2699,41
2700,43
2701,35
2702,44
2703,44
2704,44
2705,39
2706,43
2707,43
2708,36
2709,40
2710,38
2711,37
2712,42
2713,56
2714,54
2715,46
2716,34
2717,30
2718,26
2719,33
2720,39
2721,32
2722,34
2723,38
2724,36
2725,46
2726,40
2727,44
2728,39
2729,41
2730,39
2731,35
2732,34
2733,36
2734,42
2735,39
2736,34
2737,39
2738,43
2739,43
2740,39
2741,39
2742,37
2743,44
2744,48
2745,51
2746,47
2747,46
2748,45
2749,32
2750,34
2751,25
2752,28
2753,29
2754,39
2755,39
2756,40
2757,40
2758,40
2759,47
2760,47
2761,41
2762,35
2763,29
2764,34
2765,39
2766,46
2767,48
2768,53
2769,47
2770,47
2771,44
2772,45
2773,28
2774,20
2775,28
2776,31
2777,34
2778,32
2779,40
2780,40
2781,44
2782,36
2783,41
2784,43
2785,38
2786,30
2787,30
2788,34
2789,39
2790,45
2791,44
2792,36
2793,41
2794,35
2795,38
2796,38
2797,28
2798,40
2799,44
2800,51
2801,34
2802,31
2803,19
2804,32
2805,41
2806,43
2807,43
2808,45
2809,45
2810,43
2811,39
2812,44
2813,47
2814,55
2815,46
2816,42
2817,41
2818,42
2819,45
2820,40
2821,40
2822,49
2823,44
2824,44
2825,41
2826,37
2827,41
2828,40
2829,28
2830,27
2831,29
2832,38
2833,42
2834,39
2835,34
2836,33
2837,25
2838,26
2839,28
2840,49
2841,52
2842,45
2843,48
2844,39
2845,46
2846,45
2847,46
2848,34
2849,31
2850,33
2851,37
2852,33
2853,39
2854,36
2855,35
2856,29
2857,23
2858,37
2859,49
2860,49
2861,41
2862,37
2863,40
2864,34
2865,38
2866,34
2867,39
2868,39
2869,38
2870,37
2871,41
2872,47
2873,47
2874,40
2875,41
2876,38
2877,41
2878,37
2879,53
2880,58
2881,49
2882,28
2883,30
2884,38
2885,37
2886,35
2887,42
2888,44
2889,49
2890,45
2891,42
2892,51
2893,40
2894,34
2895,38
2896,35
2897,38
2898,48
2899,46
2900,41
2901,44
2902,49
2903,44
2904,35
2905,32
2906,38
2907,44
2908,59
2909,58
2910,52
2911,45
2912,40
2913,31
2914,29
2915,29
2916,40
2917,38
2918,39
2919,43
2920,45
2921,38
2922,34
2923,36
2924,39
2925,44
2926,44
2927,50
2928,56
2929,58
2930,49
2931,40
2932,51
2933,52
2934,56
2935,43
2936,28
2937,37
2938,42
2939,43
2940,34
2941,29
2942,25
2943,42
2944,47
2945,38
2946,39
2947,36
2948,49
2949,56
2950,48
2951,44
2952,32
2953,32
2954,40
2955,46
2956,33
2957,37
2958,33
2959,40
2960,42
2961,40
2962,34
2963,35
2964,38
2965,39
2966,43
2967,38
2968,34
2969,41
2970,42
2971,47
2972,40
2973,27
2974,28
2975,40
2976,49
2977,44
2978,52
2979,55
2980,46
2981,45
2982,43
2983,41
2984,38
2985,38
2986,41
2987,42
2988,37
2989,43
2990,36
2991,36
2992,38
2993,35
2994,38
2995,39
2996,35
2997,40
2998,33
2999,35
3000,41
3001,48
3002,37
3003,43
3004,44
3005,43
3006,34
3007,27
3008,40
3009,52
3010,49
3011,38
3012,37
3013,47
3014,44
3015,37
3016,35
3017,43
3018,44
3019,53
3020,51
3021,48
3022,45
3023,45
3024,37
3025,30
3026,38
3027,39
3028,43
3029,38
3030,37
3031,35
3032,35
3033,38
3034,49
3035,45
3036,32
3037,32
3038,31
3039,38
3040,45
3041,42
3042,30
3043,28
3044,43
3045,32
3046,37
3047,36
3048,36
3049,32
3050,39
3051,48
3052,50
3053,47
3054,40
3055,31
3056,23
3057,27
3058,33
3059,39
3060,30
3061,25
3062,36
3063,47
3064,46
3065,41
3066,37
3067,48
3068,44
3069,47
3070,48
3071,39
3072,37
3073,34
3074,44
3075,44
3076,42
3077,39
3078,41
3079,44
3080,49
3081,42
3082,41
3083,37
3084,46
3085,49
3086,52
3087,42
3088,39
3089,37
3090,39
3091,33
3092,38
3093,45
3094,34
3095,40
3096,39
3097,41
3098,37
3099,36
3100,42
3101,36
3102,45
3103,51
3104,55
3105,50
3106,50
3107,52
3108,50
3109,46
3110,49
3111,48
3112,46
3113,44
3114,41
3115,37
3116,37
3117,32
3118,39
3119,40
3120,40
3121,24
3122,20
3123,21
3124,28
3125,28
3126,37
3127,46
3128,51
3129,42
3130,37
3131,35
3132,30
3133,37
3134,37
3135,32
3136,42
3137,37
3138,29
3139,33
3140,30
3141,39
3142,38
3143,45
3144,38
3145,42
3146,40
3147,42
3148,32
3149,27
3150,39
3151,41
3152,35
3153,35
3154,39
3155,34
3156,31
3157,28
3158,33
3159,40
3160,45
3161,40
3162,39
3163,38
3164,33
3165,41
3166,39
3167,45
3168,40
3169,35
3170,30
3171,28
3172,36
3173,39
3174,45
3175,48
3176,52
3177,38
3178,40
3179,32
3180,23
3181,30
3182,36
3183,35
3184,47
3185,53
3186,44
3187,32
3188,33
3189,38
3190,35
3191,33
3192,40
3193,39
3194,47
3195,52
3196,44
3197,33
3198,39
3199,40
3200,41
3201,45
3202,46
3203,42
3204,39
3205,34
3206,31
3207,36
3208,28
3209,29
3210,34
3211,39
3212,37
3213,37
3214,36
3215,33
3216,37
3217,35
3218,35
3219,34
3220,28
3221,35
3222,40
3223,42
3224,41
3225,38
3226,45
3227,43
3228,49
3229,43
3230,35
3231,34
3232,34
3233,26
3234,29
3235,31
3236,35
3237,34
3238,41
3239,46
3240,41
3241,31
3242,31
3243,34
3244,37
3245,39
3246,36
3247,38
3248,35
3249,38
3250,41
3251,40
3252,45
3253,42
3254,36
3255,38
3256,44
3257,42
3258,36
3259,33
3260,44
3261,41
3262,40
3263,43
3264,38
3265,37
3266,37
3267,40
3268,39
3269,33
3270,35
3271,34
3272,28
3273,36
3274,36
3275,39
3276,40
3277,49
3278,46
3279,45
3280,41
3281,33
3282,35
3283,39
3284,41
3285,43
3286,43
3287,43
3288,43
3289,39
3290,40
3291,49
3292,47
3293,35
3294,27
3295,30
3296,39
3297,43
3298,43
3299,34
3300,32
3301,34
3302,40
3303,42
3304,43
3305,43
3306,36
3307,41
3308,30
3309,33
3310,49
3311,52
3312,49
3313,42
3314,39
3315,37
3316,36
3317,38
3318,32
3319,31
3320,29
3321,34
3322,33
3323,44
3324,49
3325,52
3326,43
3327,41
3328,40
3329,39
3330,34
3331,38
3332,49
3333,47
3334,50
3335,49
3336,51
3337,49
3338,46
3339,29
3340,34
3341,40
3342,41
3343,36
3344,39
3345,29
3346,30
3347,35
3348,41
3349,56
3350,48
3351,48
3352,48
3353,53
3354,48
3355,47
3356,51
3357,44
3358,47
3359,44
3360,36
3361,38
3362,40
3363,47
3364,46
3365,48
3366,43
3367,33
3368,42
3369,42
3370,45
3371,40
3372,34
3373,35
3374,34
3375,34
3376,30
3377,30
3378,31
3379,35
3380,45
3381,48
3382,41
3383,37
3384,45
3385,39
3386,39
3387,39
3388,39
3389,36
3390,40
3391,44
3392,40
3393,48
3394,48
3395,47
3396,38
3397,43
3398,40
3399,39
3400,42
3401,51
3402,47
3403,39
3404,32
3405,35
3406,33
3407,34
3408,35
3409,33
3410,39
3411,36
3412,44
3413,42
3414,41
3415,32
3416,33
3417,34
3418,32
3419,34
3420,38
3421,39
3422,44
3423,37
3424,40
3425,39
3426,42
3427,40
3428,44
3429,47
3430,42
3431,46
3432,47
3433,39
3434,26
3435,28
3436,31
3437,34
3438,41
3439,44
3440,42
3441,46
3442,39
3443,40
3444,36
3445,35
3446,42
3447,46
3448,54
3449,52
3450,43
3451,45
3452,42
3453,47
3454,40
3455,39
3456,39
3457,39
3458,36
3459,40
3460,38
3461,35
3462,37
3463,39
3464,36
3465,35
3466,36
3467,32
3468,30
3469,29
3470,37
3471,39
3472,36
3473,40
3474,41
3475,38
3476,45
3477,45
3478,45
3479,43
3480,43
3481,43
3482,48
3483,46
3484,39
3485,36
3486,33
3487,42
3488,46
3489,38
3490,34
3491,28
3492,31
3493,40
3494,39
3495,33
3496,27
3497,35
3498,46
3499,36
3500,33
3501,42
3502,43
3503,31
3504,40
3505,42
3506,47
3507,44
3508,44
3509,43
3510,38
3511,37
3512,40
3513,42
3514,28
3515,33
3516,30
3517,36
3518,46
3519,49
3520,45
3521,39
3522,35
3523,40
3524,48
3525,49
3526,55
3527,55
3528,49
3529,48
3530,45
3531,35
3532,38
3533,44
3534,39
3535,41
3536,40
3537,43
3538,48
3539,44
3540,35
3541,39
3542,38
3543,40
3544,42
3545,42
3546,43
3547,40
3548,35
3549,31
3550,37
3551,37
3552,35
3553,41
3554,44
3555,41
3556,43
3557,45
3558,42
3559,38
3560,26
3561,26
3562,35
3563,36
3564,44
3565,47
3566,43
3567,52
3568,49
3569,39
3570,35
3571,37
3572,32
3573,32
3574,32
3575,37
3576,36
3577,42
3578,35
3579,38
3580,36
3581,32
3582,41
3583,36
3584,33
3585,31
3586,34
3587,37
3588,38
3589,37
3590,36
3591,34
3592,36
3593,37
3594,37
3595,42
3596,42
3597,48
3598,39
3599,35
3600,39
3601,49
3602,43
3603,43
3604,42
3605,40
3606,42
3607,49
3608,48
3609,43
3610,42
3611,43
3612,37
3613,37
3614,46
3615,49
3616,46
3617,34
3618,40
3619,46
3620,41
3621,38
3622,39
3623,39
3624,42
3625,46
3626,47
3627,45
3628,39
3629,43
3630,46
3631,44
3632,37
3633,42
3634,33
3635,26
3636,31
3637,33
3638,35
3639,35
3640,29
3641,31
3642,36
3643,41
3644,44
3645,47
3646,42
3647,36
3648,40
3649,49
3650,51
3651,35
3652,40
3653,32
3654,33
3655,40
3656,33
3657,34
3658,42
3659,35
3660,35
3661,43
3662,51
3663,49
3664,50
3665,44
3666,44
3667,44
3668,35
3669,33
3670,34
3671,41
3672,42
3673,31
3674,36
3675,35
3676,38
3677,41
3678,41
3679,44
3680,49
3681,49
3682,44
3683,34
3684,32
3685,43
3686,42
3687,47
3688,41
3689,35
3690,27
3691,34
3692,37
3693,31
3694,31
3695,31
3696,33
3697,37
3698,40
3699,48
3700,47
3701,45
3702,44
3703,49
3704,54
3705,50
3706,40
3707,41
3708,32
3709,36
3710,40
3711,38
3712,34
3713,45
3714,47
3715,53
3716,45
3717,36
3718,39
3719,46
3720,44
3721,43
3722,34
3723,31
3724,29
3725,32
3726,35
3727,42
3728,43
3729,33
3730,33
3731,40
3732,37
3733,49
3734,50
3735,42
3736,38
3737,36
3738,39
3739,35
3740,41
3741,47
3742,43
3743,50
3744,48
3745,43
3746,41
3747,39
3748,51
3749,48
3750,42
3751,32
3752,40
3753,45
3754,49
3755,42
3756,36
3757,32
3758,45
3759,45
3760,35
3761,32
3762,27
3763,35
3764,34
3765,24
3766,28
3767,45
3768,49
3769,48
3770,42
3771,45
3772,45
3773,38
3774,39
3775,31
3776,34
3777,28
3778,38
3779,43
3780,43
3781,41
3782,44
3783,45
3784,35
3785,39
3786,49
3787,45
3788,40
3789,36
3790,40
3791,43
3792,44
3793,40
3794,45
3795,37
3796,35
3797,42
3798,50
3799,49
3800,46
3801,43
3802,39
3803,43
3804,43
3805,37
3806,43
3807,44
3808,40
3809,42
3810,48
3811,48
3812,43
3813,39
3814,35
3815,43
3816,37
3817,29
3818,34
3819,42
3820,41
3821,40
3822,39
3823,39
3824,47
3825,47
3826,45
3827,40
3828,36
3829,36
3830,41
3831,41
3832,34
3833,35
3834,45
3835,59
3836,57
3837,44
3838,38
3839,42
3840,52
3841,48
3842,44
3843,50
3844,52
3845,48
3846,36
3847,41
3848,40
3849,37
3850,37
3851,25
3852,23
3853,35
3854,48
3855,35
3856,34
3857,31
3858,32
3859,37
3860,37
3861,39
3862,26
3863,28
3864,36
3865,43
3866,52
3867,39
3868,46
3869,42
3870,47
3871,37
3872,43
3873,36
3874,35
3875,27
3876,31
3877,41
3878,46
3879,53
3880,57
3881,46
3882,38
3883,33
3884,40
3885,35
3886,42
3887,36
3888,36
3889,30
3890,36
3891,35
3892,34
3893,31
3894,38
3895,43
3896,34
3897,35
3898,41
3899,37
3900,29
3901,33
3902,41
3903,44
3904,33
3905,26
3906,27
3907,35
3908,42
3909,55
3910,54
3911,42
3912,43
3913,47
3914,51
3915,51
3916,46
3917,47
3918,36
3919,35
3920,36
3921,45
3922,46
3923,41
3924,36
3925,35
3926,37
3927,32
3928,39
3929,41
3930,41
3931,38
3932,43
3933,39
3934,38
3935,38
3936,44
3937,47
3938,51
3939,53
3940,43
3941,42
3942,35
3943,45
3944,42
3945,43
3946,45
3947,50
3948,46
3949,40
3950,38
3951,32
3952,42
3953,46
3954,46
3955,40
3956,33
3957,32
3958,44
3959,43
3960,45
3961,42
3962,48
3963,44
3964,39
3965,34
3966,36
3967,35
3968,42
3969,45
3970,46
3971,48
3972,45
3973,46
3974,44
3975,40
3976,36
3977,37
3978,47
3979,57
3980,69
3981,60
3982,45
3983,38
3984,35
3985,38
3986,37
3987,34
3988,31
3989,32
3990,35
3991,43
3992,40
3993,40
3994,37
3995,40
3996,40
3997,43
3998,41
3999,46
4000,38
