1,8
2,15
3,28
4,35
5,39
6,48
7,56
8,62
9,74
10,76
11,84
12,87
13,94
14,109
15,114
16,120
17,126
18,135
19,146
20,151
21,159
22,164
23,171
24,181
25,189
26,196
27,204
28,211
29,222
30,233
31,238
32,243
33,249
34,254
35,260
36,269
37,276
38,282
39,292
40,295
41,303
42,310
43,314
44,318
45,325
46,331
47,338
48,345
49,355
50,362
51,374
52,384
53,394
54,406
55,415
56,425
57,442
58,450
59,454
60,464
61,469
62,481
63,485
64,490
65,494
66,503
67,508
68,513
69,526
70,527
71,534
72,539
73,545
74,551
75,562
76,575
77,579
78,584
79,594
80,604
81,610
82,618
83,623
84,632
85,639
86,650
87,658
88,665
89,670
90,676
91,689
92,697
93,707
94,717
95,726
96,734
97,745
98,753
99,759
100,763
101,758
102,764
103,756
104,753
105,759
106,760
107,760
108,764
109,762
110,771
111,772
112,780
113,779
114,772
115,776
116,775
117,777
118,777
119,771
120,771
121,768
122,770
123,767
124,760
125,760
126,761
127,755
128,760
129,760
130,751
131,753
132,757
133,761
134,764
135,764
136,762
137,767
138,767
139,763
140,769
141,769
142,770
143,770
144,773
145,771
146,773
147,781
148,780
149,773
150,776
151,774
152,768
153,769
154,765
155,765
156,768
157,758
158,759
159,764
160,762
161,765
162,759
163,761
164,766
165,766
166,761
167,763
168,760
169,760
170,768
171,766
172,774
173,777
174,778
175,775
176,768
177,774
178,780
179,779
180,776
181,781
182,784
183,790
184,786
185,783
186,777
187,782
188,790
189,793
190,789
191,789
192,789
193,786
194,789
195,788
196,786
197,782
198,782
199,780
200,781
201,790
202,785
203,787
204,789
205,784
206,787
207,784
208,778
209,781
210,782
211,782
212,780
213,781
214,784
215,781
216,791
217,787
218,788
219,793
220,797
221,796
222,796
223,806
224,811
225,810
226,811
227,818
228,815
229,810
230,816
231,818
232,814
233,814
234,815
235,815
236,814
237,819
238,823
239,826
240,825
241,825
242,822
243,830
244,830
245,827
246,826
247,820
248,819
249,822
250,815
251,812
252,816
253,811
254,811
255,808
256,799
257,802
258,803
259,801
260,801
261,799
262,802
263,806
264,803
265,806
266,812
267,813
268,819
269,815
270,814
271,816
272,808
273,807
274,805
275,804
276,813
277,812
278,808
279,808
280,808
281,801
282,800
283,797
284,803
285,802
286,810
287,802
288,798
289,796
290,798
291,791
292,789
293,792
294,785
295,784
296,787
297,787
298,787
299,787
300,792
301,787
302,789
303,796
304,796
305,799
306,790
307,793
308,794
309,788
310,788
311,786
312,783
313,792
314,785
315,790
316,787
317,785
318,782
319,775
320,771
321,780
322,783
323,778
324,776
325,773
326,773
327,772
328,774
329,780
330,779
331,780
332,783
333,789
334,781
335,783
336,785
337,772
338,770
339,767
340,771
341,768
342,770
343,767
344,769
345,781
346,781
347,784
348,788
349,787
350,799
351,800
352,799
353,798
354,796
355,796
356,805
357,803
358,802
359,800
360,801
361,804
362,800
363,797
364,801
365,802
366,803
367,801
368,803
369,804
370,802
371,806
372,805
373,803
374,808
375,810
376,807
377,803
378,802
379,801
380,809
381,814
382,813
383,819
384,818
385,824
386,816
387,820
388,817
389,820
390,823
391,825
392,830
393,825
394,825
395,829
396,828
397,826
398,827
399,832
400,836
401,836
402,830
403,824
404,831
405,829
406,832
407,829
408,828
409,826
410,824
411,824
412,824
413,815
414,820
415,818
416,815
417,817
418,817
419,823
420,829
421,822
422,821
423,820
424,825
425,830
426,831
427,829
428,824
429,821
430,817
431,814
432,810
433,796
434,804
435,797
436,799
437,799
438,800
439,801
440,803
441,804
442,805
443,802
444,800
445,797
446,799
447,795
448,796
449,797
450,788
451,786
452,788
453,791
454,794
455,796
456,792
457,790
458,787
459,792
460,788
461,787
462,789
463,791
464,788
465,790
466,790
467,791
468,790
469,786
470,786
471,785
472,787
473,789
474,791
475,791
476,784
477,784
478,785
479,783
480,776
481,778
482,772
483,766
484,765
485,768
486,768
487,768
488,770
489,774
490,774
491,777
492,774
493,773
494,780
495,778
496,780
497,782
498,783
499,784
500,776
501,780
502,781
503,781
504,777
505,779
506,786
507,789
508,794
509,794
510,794
511,794
512,795
513,793
514,793
515,794
516,794
517,796
518,791
519,787
520,786
521,783
522,781
523,786
524,780
525,782
526,777
527,779
528,781
529,775
530,778
531,782
532,785
533,788
534,786
535,791
536,790
537,800
538,797
539,801
540,797
541,802
542,799
543,802
544,800
545,793
546,793
547,792
548,787
549,786
550,790
551,789
552,786
553,786
554,790
555,786
556,787
557,784
558,786
559,784
560,787
561,788
562,788
563,786
564,782
565,781
566,779
567,782
568,783
569,784
570,786
571,783
572,786
573,785
574,775
575,774
576,774
577,775
578,783
579,785
580,783
581,777
582,780
583,781
584,782
585,779
586,782
587,783
588,782
589,775
590,777
591,770
592,775
593,779
594,778
595,776
596,771
597,774
598,775
599,770
600,768
601,767
602,770
603,771
604,770
605,768
606,760
607,757
608,757
609,754
610,754
611,753
612,756
613,762
614,761
615,760
616,762
617,762
618,770
619,768
620,770
621,780
622,781
623,780
624,786
625,784
626,788
627,787
628,790
629,790
630,798
631,795
632,794
633,797
634,798
635,803
636,801
637,791
638,796
639,793
640,795
641,795
642,803
643,799
644,801
645,808
646,809
647,812
648,818
649,820
650,821
651,827
652,827
653,830
654,826
655,834
656,830
657,837
658,833
659,834
660,833
661,828
662,827
663,829
664,830
665,829
666,831
667,828
668,826
669,826
670,826
671,824
672,827
673,829
674,836
675,836
676,840
677,842
678,833
679,831
680,832
681,832
682,834
683,834
684,836
685,838
686,837
687,837
688,835
689,836
690,832
691,835
692,826
693,827
694,827
695,833
696,839
697,836
698,834
699,839
700,844
701,843
702,842
703,841
704,839
705,839
706,843
707,840
708,835
709,840
710,843
711,846
712,842
713,837
714,837
715,839
716,835
717,839
718,835
719,838
720,829
721,827
722,823
723,817
724,811
725,810
726,805
727,805
728,800
729,802
730,795
731,791
732,800
733,808
734,804
735,803
736,807
737,807
738,805
739,803
740,801
741,796
742,788
743,789
744,788
745,783
746,779
747,780
748,777
749,786
750,783
751,781
752,783
753,782
754,776
755,771
756,775
757,780
758,790
759,791
760,791
761,794
762,796
763,794
764,798
765,798
766,790
767,788
768,793
769,793
770,794
771,796
772,792
773,789
774,790
775,794
776,794
777,797
778,801
779,804
780,806
781,805
782,806
783,806
784,800
785,796
786,802
787,800
788,803
789,808
790,806
791,813
792,816
793,821
794,817
795,810
796,806
797,804
798,803
799,799
800,799
801,804
802,804
803,802
804,803
805,806
806,803
807,803
808,810
809,814
810,809
811,812
812,815
813,817
814,815
815,811
816,817
817,817
818,818
819,819
820,825
821,821
822,824
823,823
824,831
825,828
826,828
827,828
828,827
829,831
830,830
831,833
832,825
833,819
834,823
835,825
836,821
837,825
838,826
839,834
840,837
841,836
842,839
843,841
844,842
845,847
846,858
847,851
848,849
849,841
850,841
851,844
852,850
853,846
854,851
855,856
856,856
857,844
858,839
859,839
860,842
861,842
862,844
863,847
864,850
865,850
866,853
867,856
868,846
869,844
870,846
871,846
872,847
873,849
874,844
875,837
876,836
877,831
878,835
879,834
880,834
881,839
882,836
883,831
884,833
885,831
886,826
887,825
888,821
889,818
890,820
891,815
892,814
893,808
894,811
895,812
896,811
897,819
898,818
899,819
900,817
901,812
902,812
903,820
904,822
905,820
906,827
907,833
908,829
909,825
910,826
911,823
912,821
913,819
914,821
915,824
916,821
917,815
918,819
919,817
920,817
921,816
922,819
923,823
924,817
925,818
926,821
927,829
928,832
929,829
930,835
931,836
932,832
933,831
934,833
935,826
936,823
937,824
938,825
939,815
940,810
941,810
942,810
943,810
944,808
945,810
946,801
947,804
948,802
949,805
950,804
951,800
952,792
953,791
954,791
955,788
956,785
957,794
958,791
959,786
960,787
961,793
962,789
963,790
964,790
965,795
966,792
967,791
968,796
969,799
970,795
971,793
972,792
973,790
974,797
975,796
976,797
977,797
978,789
979,788
980,783
981,783
982,785
983,786
984,784
985,786
986,790
987,789
988,793
989,792
990,792
991,786
992,787
993,791
994,793
995,789
996,794
997,787
998,786
999,784
1000,788
