1,67
2,160
3,243
4,304
5,357
6,423
7,519
8,589
9,671
10,743
11,773
12,759
13,761
14,764
15,791
16,794
17,786
18,788
19,804
20,821
21,794
22,799
23,787
24,794
25,781
26,790
27,785
28,792
29,761
30,755
31,773
32,781
33,777
34,783
35,806
36,808
37,813
38,828
39,837
40,842
41,846
42,825
43,825
44,840
45,824
46,812
47,797
48,782
49,785
50,784
51,772
52,780
53,801
54,790
55,798
56,807
57,800
58,807
59,814
60,811
61,803
62,801
63,798
64,792
65,796
66,797
67,824
68,817
69,797
70,796
71,804
72,802
73,798
74,805
75,796
76,796
77,790
78,787
79,801
80,799
81,787
82,806
83,787
84,792
85,795
86,797
87,771
88,770
89,788
90,792
91,796
92,788
93,814
94,812
95,830
96,837
97,849
98,840
99,816
100,831
101,849
102,835
103,851
104,853
105,819
106,799
107,792
108,798
109,818
110,803
111,785
112,804
113,791
114,769
115,793
116,799
117,810
118,828
119,800
120,795
121,812
122,793
123,758
124,763
125,748
126,768
127,761
128,754
129,780
130,776
131,779
132,793
133,809
134,819
135,826
136,801
137,818
138,828
139,819
140,826
141,811
142,802
143,800
144,806
145,797
146,801
147,803
148,799
149,798
150,798
151,812
152,806
153,806
154,806
155,830
156,838
157,835
158,834
159,816
160,803
161,783
162,781
163,801
164,796
165,782
166,791
167,776
168,767
169,787
170,792
171,809
172,826
173,825
174,831
175,833
176,825
177,828
178,828
179,829
180,832
181,837
182,819
183,799
184,796
185,796
186,795
187,800
188,790
189,768
190,761
191,749
192,779
193,794
194,792
195,795
196,794
197,795
198,796
199,813
200,825
201,819
202,798
203,791
204,788
205,783
206,785
207,796
208,807
209,813
210,809
211,811
212,812
213,818
214,828
215,820
216,840
217,831
218,810
219,813
220,821
221,840
222,838
223,834
224,820
225,818
226,808
227,801
228,831
229,826
230,817
231,796
232,820
233,819
234,828
235,823
236,803
237,804
238,797
239,782
240,776
241,783
242,773
243,771
244,751
245,783
246,792
247,801
248,796
249,810
250,823
251,825
252,831
253,819
254,834
255,826
256,828
257,813
258,823
259,816
260,805
261,811
262,770
263,780
264,792
265,782
266,793
267,793
268,782
269,784
270,796
271,789
272,812
273,802
274,774
275,788
276,766
277,769
278,771
279,796
280,799
281,801
282,808
283,818
284,848
285,839
286,835
287,826
288,827
289,812
290,809
291,802
292,783
293,788
294,782
295,782
296,790
297,803
298,808
299,803
300,816
301,822
302,843
303,843
304,836
305,821
306,830
307,820
308,797
309,775
310,756
311,754
312,752
313,756
314,755
315,768
316,748
317,768
318,776
319,779
320,788
321,787
322,778
323,789
324,801
325,799
326,803
327,799
328,804
329,817
330,808
331,802
332,792
333,779
334,761
335,754
336,780
337,773
338,769
339,784
340,780
341,780
342,794
343,798
344,807
345,830
346,821
347,829
348,855
349,835
350,844
351,844
352,836
353,822
354,814
355,783
356,760
357,757
358,757
359,770
360,780
361,795
362,804
363,815
364,817
365,824
366,837
367,848
368,832
369,852
370,839
371,823
372,820
373,827
374,827
375,845
376,846
377,823
378,834
379,814
380,793
381,799
382,799
383,782
384,797
385,782
386,783
387,798
388,783
389,786
390,809
391,801
392,805
393,799
394,776
395,794
396,809
397,797
398,810
399,789
400,778
401,766
402,754
403,764
404,782
405,770
406,761
407,783
408,779
409,794
410,793
411,811
412,845
413,840
414,843
415,857
416,858
417,844
418,843
419,856
420,856
421,867
422,832
423,820
424,819
425,814
426,815
427,814
428,798
429,778
430,784
431,771
432,775
433,800
434,786
435,772
436,768
437,747
438,750
439,732
440,726
441,724
442,725
443,718
444,727
445,726
446,730
447,735
448,726
449,744
450,762
451,755
452,757
453,767
454,757
455,763
456,752
457,760
458,788
459,786
460,791
461,804
462,809
463,806
464,799
465,795
466,804
467,816
468,802
469,810
470,809
471,801
472,804
473,779
474,788
475,791
476,784
477,777
478,781
479,779
480,767
481,764
482,758
483,780
484,797
485,815
486,837
487,838
488,839
489,839
490,826
491,841
492,825
493,810
494,797
495,785
496,765
497,758
498,763
499,762
500,768
501,767
502,790
503,799
504,790
505,792
506,788
507,795
508,778
509,781
510,793
511,777
512,750
513,765
514,777
515,750
516,746
517,768
518,782
519,779
520,786
521,799
522,818
523,802
524,804
525,818
526,828
527,798
528,793
529,804
530,792
531,808
532,816
533,817
534,819
535,826
536,822
537,835
538,829
539,816
540,808
541,801
542,792
543,790
544,779
545,778
546,783
547,790
548,818
549,815
550,816
551,806
552,821
553,831
554,838
555,822
556,816
557,801
558,766
559,772
560,759
561,750
562,719
563,707
564,706
565,729
566,725
567,735
568,767
569,780
570,789
571,810
572,822
573,821
574,812
575,793
576,809
577,812
578,791
579,777
580,792
581,765
582,777
583,785
584,796
585,809
586,806
587,806
588,801
589,805
590,802
591,820
592,820
593,828
594,824
595,823
596,816
597,816
598,836
599,824
600,825
601,812
602,818
603,824
604,823
605,814
606,814
607,809
608,805
609,819
610,817
611,813
612,811
613,786
614,770
615,777
616,778
617,800
618,798
619,799
620,791
621,803
622,788
623,794
624,821
625,808
626,795
627,777
628,790
629,785
630,795
631,809
632,808
633,820
634,808
635,805
636,822
637,802
638,784
639,781
640,773
641,769
642,777
643,773
644,782
645,805
646,800
647,813
648,815
649,801
650,795
651,795
652,792
653,803
654,793
655,792
656,788
657,799
658,809
659,843
660,835
661,835
662,845
663,837
664,843
665,846
666,863
667,856
668,839
669,823
670,840
671,837
672,829
673,831
674,834
675,821
676,829
677,845
678,844
679,845
680,837
681,843
682,836
683,830
684,835
685,852
686,831
687,807
688,814
689,826
690,831
691,811
692,834
693,827
694,816
695,787
696,804
697,804
698,800
699,780
700,775
701,777
702,759
703,772
704,771
705,790
706,789
707,799
708,803
709,810
710,812
711,816
712,810
713,811
714,803
715,803
716,811
717,793
718,801
719,788
720,795
721,805
722,805
723,795
724,804
725,795
726,779
727,773
728,776
729,803
730,811
731,798
732,793
733,780
734,788
735,791
736,773
737,778
738,755
739,721
740,700
741,706
742,707
743,732
744,727
745,722
746,755
747,770
748,768
749,783
750,799
751,802
752,813
753,796
754,792
755,808
756,788
757,776
758,778
759,772
760,774
761,775
762,782
763,776
764,783
765,773
766,772
767,790
768,795
769,800
770,798
771,784
772,775
773,781
774,772
775,781
776,788
777,764
778,779
779,774
780,760
781,764
782,757
783,776
784,788
785,782
786,773
787,796
788,789
789,799
790,808
791,815
792,816
793,801
794,791
795,789
796,786
797,793
798,806
799,801
800,788
801,781
802,793
803,791
804,804
805,813
806,824
807,805
808,783
809,799
810,820
811,834
812,834
813,825
814,811
815,808
816,794
817,804
818,819
819,811
820,808
821,821
822,812
823,815
824,817
825,805
826,806
827,796
828,791
829,776
830,778
831,739
832,769
833,783
834,796
835,810
836,835
837,822
838,819
839,850
840,838
841,851
842,824
843,804
844,791
845,786
846,768
847,777
848,777
849,774
850,783
851,792
852,809
853,835
854,835
855,845
856,852
857,863
858,853
859,821
860,810
861,799
862,807
863,817
864,826
865,817
866,818
867,803
868,824
869,844
870,847
871,860
872,851
873,834
874,821
875,818
876,820
877,834
878,820
879,803
880,808
881,794
882,760
883,748
884,748
885,763
886,746
887,743
888,735
889,741
890,732
891,734
892,763
893,758
894,771
895,744
896,746
897,753
898,770
899,773
900,786
901,789
902,779
903,774
904,758
905,774
906,776
907,777
908,784
909,779
910,777
911,778
912,785
913,800
914,812
915,808
916,804
917,820
918,802
919,816
920,805
921,806
922,792
923,783
924,789
925,782
926,771
927,745
928,755
929,739
930,749
931,735
932,749
933,773
934,754
935,756
936,782
937,790
938,790
939,816
940,819
941,833
942,814
943,791
944,803
945,799
946,780
947,777
948,779
949,765
950,777
951,774
952,776
953,790
954,781
955,776
956,789
957,779
958,782
959,786
960,774
961,762
962,764
963,758
964,770
965,787
966,787
967,798
968,794
969,787
970,783
971,800
972,808
973,806
974,806
975,791
976,779
977,775
978,762
979,769
980,770
981,769
982,767
983,775
984,766
985,767
986,760
987,771
988,776
989,763
990,763
991,783
992,794
993,809
994,813
995,826
996,849
997,845
998,849
999,856
1000,857
