1,10
2,12
3,14
4,16
5,23
6,25
7,27
8,33
9,41
10,46
11,48
12,47
13,47
14,47
15,42
16,42
17,45
18,42
19,41
20,40
21,29
22,28
23,29
24,29
25,29
26,34
27,38
28,39
29,36
30,36
31,40
32,47
33,46
34,47
35,48
36,45
37,39
38,38
39,39
40,40
41,38
42,34
43,39
44,39
45,40
46,38
47,40
48,41
49,41
50,42
51,41
52,45
53,43
54,46
55,43
56,49
57,49
58,47
59,44
60,42
61,44
62,42
63,40
64,42
65,42
66,37
67,38
68,39
69,41
70,39
71,45
72,41
73,42
74,38
75,40
76,42
77,40
78,45
79,48
80,51
81,46
82,49
83,47
84,50
85,49
86,46
87,46
88,40
89,37
90,35
91,37
92,38
93,36
94,37
95,37
96,36
97,36
98,37
99,35
100,39
101,35
102,35
103,39
104,33
105,33
106,33
107,32
108,33
109,34
110,28
111,30
112,33
113,33
114,37
115,38
116,41
117,41
118,42
119,45
120,47
121,46
122,41
123,42
124,40
125,44
126,44
127,44
128,45
129,46
130,47
131,48
132,49
133,46
134,50
135,48
136,51
137,48
138,48
139,46
140,44
141,43
142,40
143,40
144,35
145,34
146,29
147,37
148,35
149,38
150,40
151,41
152,43
153,43
154,46
155,43
156,45
157,42
158,44
159,41
160,39
161,39
162,39
163,49
164,46
165,49
166,49
167,47
168,47
169,47
170,46
171,45
172,44
173,39
174,40
175,42
176,45
177,47
178,48
179,46
180,46
181,48
182,53
183,52
184,52
185,49
186,50
187,49
188,47
189,48
190,54
191,54
192,50
193,45
194,45
195,48
196,41
197,40
198,40
199,39
200,34
201,33
202,33
203,35
204,35
205,32
206,39
207,37
208,39
209,41
210,45
211,46
212,43
213,45
214,45
215,45
216,40
217,44
218,40
219,40
220,40
221,36
222,42
223,40
224,43
225,44
226,47
227,48
228,51
229,50
230,47
231,48
232,44
233,41
234,39
235,36
236,35
237,37
238,35
239,34
240,34
241,38
242,42
243,44
244,49
245,50
246,50
247,48
248,46
249,48
250,48
251,43
252,40
253,42
254,32
255,33
256,31
257,31
258,35
259,35
260,33
261,33
262,31
263,29
264,32
265,33
266,31
267,26
268,25
269,24
270,27
271,27
272,28
273,34
274,35
275,33
276,37
277,38
278,36
279,34
280,32
281,37
282,42
283,40
284,39
285,41
286,38
287,40
288,46
289,47
290,46
291,45
292,38
293,38
294,37
295,35
296,36
297,36
298,30
299,29
300,33
301,30
302,34
303,33
304,39
305,42
306,42
307,41
308,41
309,47
310,45
311,47
312,49
313,50
314,45
315,43
316,44
317,43
318,44
319,40
320,41
321,37
322,34
323,30
324,32
325,34
326,33
327,34
328,33
329,34
330,35
331,35
332,43
333,42
334,39
335,37
336,40
337,43
338,43
339,45
340,44
341,48
342,40
343,41
344,44
345,46
346,48
347,45
348,44
349,39
350,36
351,34
352,33
353,33
354,31
355,32
356,24
357,23
358,21
359,21
360,23
361,23
362,24
363,25
364,28
365,27
366,29
367,31
368,33
369,31
370,35
371,36
372,37
373,37
374,33
375,32
376,30
377,31
378,31
379,39
380,38
381,35
382,33
383,33
384,34
385,36
386,38
387,40
388,42
389,37
390,35
391,36
392,39
393,37
394,38
395,34
396,33
397,35
398,32
399,37
400,37
401,38
402,38
403,41
404,40
405,39
406,42
407,36
408,41
409,40
410,42
411,41
412,37
413,37
414,37
415,42
416,40
417,40
418,39
419,34
420,34
421,37
422,41
423,39
424,39
425,40
426,44
427,45
428,44
429,51
430,47
431,46
432,43
433,42
434,44
435,42
436,42
437,45
438,45
439,40
440,41
441,40
442,41
443,44
444,44
445,43
446,42
447,36
448,37
449,36
450,41
451,44
452,47
453,45
454,47
455,47
456,45
457,49
458,48
459,51
460,44
461,51
462,50
463,52
464,49
465,48
466,51
467,49
468,49
469,49
470,49
471,40
472,37
473,39
474,42
475,45
476,44
477,43
478,43
479,42
480,46
481,45
482,44
483,41
484,41
485,39
486,37
487,42
488,41
489,38
490,38
491,36
492,43
493,42
494,41
495,40
496,38
497,34
498,36
499,38
500,40
501,44
502,39
503,40
504,36
505,37
506,41
507,41
508,39
509,37
510,36
511,34
512,37
513,34
514,38
515,38
516,38
517,43
518,45
519,46
520,44
521,46
522,43
523,49
524,49
525,48
526,48
527,41
528,41
529,44
530,43
531,42
532,40
533,42
534,42
535,42
536,44
537,45
538,44
539,43
540,44
541,46
542,48
543,44
544,42
545,42
546,38
547,43
548,46
549,43
550,41
551,38
552,40
553,38
554,38
555,38
556,40
557,39
558,37
559,39
560,42
561,45
562,46
563,51
564,51
565,52
566,52
567,49
568,46
569,45
570,46
571,41
572,44
573,41
574,39
575,39
576,39
577,42
578,48
579,51
580,49
581,50
582,44
583,44
584,44
585,45
586,41
587,38
588,30
589,29
590,28
591,28
592,28
593,29
594,32
595,31
596,33
597,35
598,43
599,42
600,46
601,46
602,46
603,47
604,46
605,44
606,46
607,47
608,46
609,47
610,45
611,47
612,47
613,49
614,49
615,55
616,53
617,53
618,49
619,45
620,41
621,40
622,41
623,36
624,33
625,28
626,29
627,30
628,31
629,33
630,37
631,37
632,35
633,34
634,34
635,37
636,39
637,33
638,30
639,31
640,29
641,31
642,29
643,30
644,36
645,37
646,32
647,37
648,42
649,47
650,47
651,46
652,49
653,49
654,46
655,42
656,43
657,46
658,46
659,42
660,42
661,39
662,38
663,39
664,39
665,38
666,45
667,41
668,38
669,33
670,33
671,35
672,36
673,37
674,38
675,40
676,37
677,36
678,39
679,46
680,45
681,43
682,42
683,39
684,40
685,38
686,35
687,37
688,34
689,30
690,33
691,36
692,39
693,38
694,35
695,38
696,36
697,35
698,38
699,40
700,37
701,36
702,38
703,39
704,39
705,35
706,36
707,38
708,34
709,34
710,33
711,38
712,32
713,35
714,36
715,41
716,43
717,42
718,45
719,47
720,49
721,44
722,46
723,43
724,45
725,42
726,45
727,42
728,44
729,41
730,40
731,43
732,41
733,44
734,42
735,40
736,37
737,35
738,28
739,29
740,28
741,28
742,32
743,29
744,32
745,38
746,36
747,35
748,38
749,34
750,36
751,33
752,33
753,34
754,32
755,29
756,31
757,34
758,35
759,46
760,49
761,51
762,51
763,54
764,55
765,58
766,60
767,59
768,58
769,50
770,49
771,50
772,45
773,43
774,42
775,38
776,35
777,35
778,36
779,36
780,34
781,32
782,38
783,36
784,35
785,34
786,41
787,42
788,40
789,41
790,40
791,37
792,33
793,34
794,33
795,33
796,30
797,28
798,29
799,32
800,37
801,43
802,43
803,43
804,44
805,48
806,48
807,55
808,54
809,53
810,53
811,50
812,50
813,57
814,57
815,52
816,48
817,45
818,46
819,43
820,39
821,38
822,39
823,31
824,29
825,37
826,38
827,38
828,37
829,37
830,36
831,35
832,36
833,39
834,40
835,34
836,35
837,34
838,36
839,38
840,39
841,41
842,42
843,42
844,44
845,44
846,45
847,43
848,46
849,43
850,47
851,51
852,50
853,51
854,47
855,47
856,47
857,50
858,47
859,49
860,46
861,42
862,40
863,36
864,42
865,42
866,38
867,35
868,37
869,35
870,37
871,35
872,36
873,37
874,36
875,38
876,40
877,42
878,43
879,40
880,36
881,36
882,37
883,41
884,35
885,35
886,33
887,35
888,37
889,43
890,48
891,51
892,52
893,50
894,56
895,56
896,56
897,53
898,50
899,52
900,52
901,52
902,52
903,50
904,52
905,49
906,50
907,51
908,49
909,44
910,40
911,41
912,39
913,38
914,35
915,38
916,35
917,37
918,39
919,38
920,38
921,37
922,34
923,37
924,37
925,35
926,38
927,37
928,36
929,37
930,38
931,35
932,40
933,38
934,35
935,34
936,37
937,34
938,38
939,35
940,38
941,40
942,37
943,34
944,37
945,37
946,34
947,35
948,30
949,32
950,27
951,25
952,29
953,31
954,33
955,37
956,39
957,40
958,37
959,41
960,43
961,47
962,44
963,45
964,41
965,42
966,42
967,41
968,44
969,42
970,41
971,40
972,40
973,43
974,45
975,44
976,40
977,39
978,41
979,40
980,39
981,37
982,43
983,38
984,39
985,35
986,43
987,45
988,40
989,42
990,44
991,42
992,37
993,46
994,45
995,46
996,42
997,44
998,44
999,40
1000,40
1001,44
1002,44
1003,44
1004,42
1005,43
1006,41
1007,40
1008,42
1009,49
1010,50
1011,48
1012,49
1013,43
1014,41
1015,42
1016,42
1017,38
1018,41
1019,38
1020,35
1021,42
1022,40
1023,40
1024,39
1025,39
1026,41
1027,41
1028,38
1029,41
1030,43
1031,38
1032,42
1033,39
1034,42
1035,41
1036,38
1037,46
1038,45
1039,40
1040,42
1041,42
1042,39
1043,43
1044,45
1045,42
1046,44
1047,38
1048,42
1049,46
1050,45
1051,47
1052,46
1053,44
1054,43
1055,45
1056,45
1057,51
1058,48
1059,45
1060,42
1061,39
1062,39
1063,42
1064,42
1065,41
1066,41
1067,33
1068,36
1069,38
1070,37
1071,36
1072,39
1073,33
1074,30
1075,30
1076,29
1077,30
1078,27
1079,23
1080,26
1081,28
1082,27
1083,32
1084,35
1085,37
1086,42
1087,43
1088,41
1089,49
1090,52
1091,54
1092,51
1093,50
1094,50
1095,54
1096,52
1097,53
1098,53
1099,46
1100,49
1101,47
1102,47
1103,46
1104,48
1105,47
1106,45
1107,49
1108,56
1109,54
1110,47
1111,47
1112,48
1113,51
1114,48
1115,45
1116,45
1117,40
1118,37
1119,42
1120,41
1121,41
1122,39
1123,37
1124,40
1125,39
1126,39
1127,41
1128,41
1129,39
1130,42
1131,41
1132,41
1133,43
1134,40
1135,42
1136,42
1137,40
1138,37
1139,40
1140,37
1141,36
1142,39
1143,39
1144,40
1145,39
1146,36
1147,44
1148,46
1149,42
1150,46
1151,48
1152,49
1153,45
1154,44
1155,44
1156,47
1157,42
1158,39
1159,41
1160,37
1161,34
1162,33
1163,36
1164,37
1165,36
1166,35
1167,36
1168,39
1169,36
1170,38
1171,40
1172,41
1173,39
1174,40
1175,39
1176,39
1177,34
1178,31
1179,30
1180,29
1181,33
1182,32
1183,33
1184,35
1185,41
1186,38
1187,39
1188,42
1189,47
1190,45
1191,43
1192,42
1193,43
1194,38
1195,35
1196,37
1197,37
1198,36
1199,34
1200,39
1201,39
1202,40
1203,39
1204,42
1205,45
1206,48
1207,51
1208,50
1209,48
1210,43
1211,39
1212,40
1213,36
1214,36
1215,31
1216,31
1217,26
1218,25
1219,26
1220,29
1221,29
1222,27
1223,31
1224,32
1225,38
1226,36
1227,39
1228,47
1229,47
1230,46
1231,47
1232,50
1233,51
1234,49
1235,42
1236,46
1237,45
1238,42
1239,42
1240,42
1241,47
1242,42
1243,40
1244,40
1245,39
1246,34
1247,31
1248,29
1249,29
1250,28
1251,23
1252,23
1253,25
1254,25
1255,31
1256,40
1257,46
1258,49
1259,50
1260,52
1261,53
1262,56
1263,53
1264,53
1265,50
1266,42
1267,38
1268,36
1269,36
1270,37
1271,37
1272,35
1273,35
1274,37
1275,41
1276,39
1277,42
1278,39
1279,39
1280,45
1281,46
1282,47
1283,51
1284,50
1285,45
1286,50
1287,48
1288,49
1289,46
1290,37
1291,36
1292,40
1293,38
1294,35
1295,38
1296,35
1297,35
1298,34
1299,39
1300,43
1301,44
1302,39
1303,41
1304,40
1305,37
1306,36
1307,36
1308,39
1309,34
1310,32
1311,32
1312,34
1313,30
1314,37
1315,36
1316,36
1317,35
1318,36
1319,41
1320,45
1321,43
1322,45
1323,44
1324,38
1325,38
1326,43
1327,44
1328,45
1329,42
1330,37
1331,35
1332,31
1333,34
1334,37
1335,38
1336,33
1337,37
1338,37
1339,37
1340,38
1341,43
1342,47
1343,47
1344,45
1345,44
1346,47
1347,49
1348,47
1349,47
1350,46
1351,46
1352,44
1353,42
1354,42
1355,43
1356,44
1357,37
1358,34
1359,35
1360,37
1361,33
1362,32
1363,38
1364,37
1365,38
1366,37
1367,38
1368,40
1369,37
1370,36
1371,39
1372,41
1373,36
1374,35
1375,35
1376,35
1377,33
1378,33
1379,36
1380,35
1381,34
1382,33
1383,34
1384,36
1385,36
1386,34
1387,38
1388,39
1389,38
1390,39
1391,41
1392,42
1393,41
1394,40
1395,41
1396,41
1397,37
1398,35
1399,33
1400,29
1401,28
1402,25
1403,27
1404,28
1405,26
1406,25
1407,27
1408,31
1409,32
1410,36
1411,35
1412,37
1413,36
1414,37
1415,39
1416,38
1417,40
1418,37
1419,39
1420,38
1421,39
1422,38
1423,36
1424,36
1425,36
1426,38
1427,41
1428,38
1429,39
1430,44
1431,43
1432,46
1433,50
1434,51
1435,47
1436,52
1437,48
1438,51
1439,48
1440,45
1441,44
1442,45
1443,43
1444,41
1445,45
1446,38
1447,37
1448,38
1449,42
1450,40
1451,42
1452,40
1453,39
1454,40
1455,42
1456,44
1457,41
1458,39
1459,35
1460,35
1461,33
1462,30
1463,31
1464,32
1465,30
1466,31
1467,33
1468,38
1469,45
1470,46
1471,47
1472,46
1473,47
1474,43
1475,43
1476,46
1477,46
1478,44
1479,37
1480,36
1481,37
1482,40
1483,39
1484,39
1485,42
1486,37
1487,39
1488,37
1489,38
1490,39
1491,40
1492,39
1493,37
1494,41
1495,38
1496,40
1497,43
1498,45
1499,48
1500,47
1501,44
1502,48
1503,52
1504,53
1505,53
1506,51
1507,47
1508,52
1509,50
1510,48
1511,51
1512,49
1513,44
1514,40
1515,40
1516,43
1517,42
1518,38
1519,40
1520,42
1521,42
1522,38
1523,43
1524,44
1525,45
1526,48
1527,48
1528,46
1529,44
1530,44
1531,39
1532,45
1533,43
1534,44
1535,42
1536,42
1537,43
1538,42
1539,40
1540,39
1541,41
1542,36
1543,34
1544,35
1545,35
1546,30
1547,31
1548,32
1549,41
1550,42
1551,45
1552,47
1553,49
1554,48
1555,48
1556,51
1557,54
1558,54
1559,46
1560,45
1561,45
1562,41
1563,40
1564,37
1565,35
1566,33
1567,27
1568,26
1569,25
1570,30
1571,30
1572,32
1573,36
1574,37
1575,37
1576,38
1577,42
1578,43
1579,44
1580,42
1581,38
1582,41
1583,37
1584,44
1585,44
1586,43
1587,45
1588,42
1589,44
1590,40
1591,42
1592,45
1593,45
1594,40
1595,43
1596,43
1597,39
1598,40
1599,37
1600,39
1601,37
1602,31
1603,30
1604,31
1605,27
1606,28
1607,31
1608,31
1609,32
1610,33
1611,36
1612,35
1613,36
1614,36
1615,40
1616,42
1617,42
1618,44
1619,45
1620,44
1621,47
1622,50
1623,49
1624,46
1625,45
1626,40
1627,36
1628,37
1629,39
1630,49
1631,42
1632,44
1633,47
1634,50
1635,49
1636,56
1637,57
1638,60
1639,57
1640,47
1641,50
1642,48
1643,46
1644,42
1645,46
1646,45
1647,47
1648,39
1649,44
1650,45
1651,44
1652,41
1653,40
1654,44
1655,41
1656,39
1657,41
1658,45
1659,38
1660,38
1661,38
1662,40
1663,48
1664,53
1665,52
1666,51
1667,49
1668,48
1669,50
1670,46
1671,44
1672,46
1673,44
1674,38
1675,39
1676,40
1677,38
1678,41
1679,41
1680,46
1681,52
1682,50
1683,48
1684,51
1685,56
1686,53
1687,56
1688,53
1689,55
1690,52
1691,48
1692,47
1693,42
1694,37
1695,34
1696,36
1697,37
1698,35
1699,34
1700,42
1701,44
1702,45
1703,51
1704,52
1705,51
1706,49
1707,47
1708,48
1709,45
1710,40
1711,38
1712,38
1713,34
1714,34
1715,32
1716,35
1717,35
1718,35
1719,38
1720,38
1721,42
1722,45
1723,48
1724,51
1725,52
1726,50
1727,50
1728,51
1729,55
1730,55
1731,49
1732,51
1733,53
1734,52
1735,55
1736,55
1737,52
1738,51
1739,48
1740,48
1741,53
1742,51
1743,45
1744,45
1745,42
1746,40
1747,42
1748,44
1749,44
1750,42
1751,39
1752,38
1753,39
1754,36
1755,39
1756,40
1757,39
1758,37
1759,34
1760,35
1761,39
1762,36
1763,40
1764,40
1765,39
1766,40
1767,40
1768,40
1769,43
1770,43
1771,42
1772,44
1773,42
1774,43
1775,43
1776,43
1777,43
1778,47
1779,51
1780,53
1781,55
1782,53
1783,53
1784,59
1785,55
1786,54
1787,59
1788,55
1789,47
1790,48
1791,41
1792,44
1793,44
1794,38
1795,42
1796,41
1797,38
1798,37
1799,39
1800,34
1801,36
1802,36
1803,32
1804,31
1805,34
1806,34
1807,30
1808,28
1809,28
1810,29
1811,28
1812,27
1813,28
1814,33
1815,29
1816,35
1817,36
1818,39
1819,41
1820,42
1821,46
1822,45
1823,45
1824,43
1825,40
1826,34
1827,39
1828,41
1829,40
1830,37
1831,34
1832,37
1833,41
1834,36
1835,38
1836,39
1837,41
1838,38
1839,40
1840,42
1841,40
1842,38
1843,33
1844,41
1845,41
1846,43
1847,37
1848,37
1849,34
1850,35
1851,38
1852,37
1853,40
1854,35
1855,32
1856,33
1857,32
1858,32
1859,34
1860,33
1861,31
1862,32
1863,34
1864,32
1865,32
1866,31
1867,31
1868,40
1869,44
1870,47
1871,49
1872,47
1873,44
1874,48
1875,49
1876,46
1877,49
1878,42
1879,38
1880,34
1881,33
1882,35
1883,35
1884,35
1885,38
1886,39
1887,38
1888,36
1889,34
1890,36
1891,33
1892,34
1893,35
1894,33
1895,29
1896,26
1897,32
1898,35
1899,35
1900,35
1901,37
1902,34
1903,33
1904,33
1905,36
1906,38
1907,32
1908,33
1909,32
1910,34
1911,36
1912,38
1913,39
1914,40
1915,41
1916,40
1917,40
1918,37
1919,39
1920,38
1921,37
1922,41
1923,38
1924,36
1925,35
1926,34
1927,33
1928,33
1929,32
1930,29
1931,31
1932,25
1933,30
1934,33
1935,32
1936,35
1937,34
1938,37
1939,40
1940,42
1941,40
1942,42
1943,41
1944,39
1945,38
1946,40
1947,39
1948,39
1949,34
1950,39
1951,38
1952,34
1953,32
1954,31
1955,35
1956,34
1957,38
1958,39
1959,40
1960,34
1961,35
1962,39
1963,42
1964,44
1965,42
1966,42
1967,40
1968,35
1969,41
1970,42
1971,45
1972,42
1973,40
1974,37
1975,37
1976,36
1977,34
1978,36
1979,38
1980,43
1981,42
1982,47
1983,46
1984,49
1985,48
1986,48
1987,54
1988,53
1989,47
1990,44
1991,41
1992,37
1993,38
1994,37
1995,39
1996,36
1997,32
1998,32
1999,29
2000,28
2001,31
2002,32
2003,34
2004,33
2005,36
2006,40
2007,44
2008,45
2009,45
2010,43
2011,40
2012,42
2013,40
2014,42
2015,38
2016,40
2017,35
2018,35
2019,43
2020,42
2021,43
2022,41
2023,39
2024,37
2025,38
2026,38
2027,40
2028,43
2029,38
2030,39
2031,40
2032,42
2033,46
2034,47
2035,46
2036,48
2037,53
2038,48
2039,45
2040,44
2041,44
2042,44
2043,45
2044,46
2045,48
2046,41
2047,39
2048,38
2049,39
2050,41
2051,41
2052,40
2053,36
2054,37
2055,34
2056,35
2057,32
2058,37
2059,39
2060,36
2061,35
2062,35
2063,36
2064,34
2065,35
2066,35
2067,37
2068,32
2069,33
2070,35
2071,36
2072,41
2073,40
2074,43
2075,44
2076,45
2077,44
2078,45
2079,42
2080,42
2081,39
2082,35
2083,36
2084,34
2085,33
2086,32
2087,33
2088,35
2089,36
2090,37
2091,43
2092,45
2093,45
2094,49
2095,51
2096,56
2097,53
2098,54
2099,58
2100,64
2101,58
2102,52
2103,52
2104,51
2105,48
2106,45
2107,45
2108,46
2109,42
2110,36
2111,36
2112,39
2113,39
2114,35
2115,37
2116,36
2117,36
2118,33
2119,32
2120,30
2121,34
2122,34
2123,33
2124,36
2125,36
2126,35
2127,38
2128,36
2129,40
2130,39
2131,38
2132,37
2133,37
2134,35
2135,34
2136,38
2137,33
2138,33
2139,30
2140,36
2141,35
2142,35
2143,34
2144,33
2145,35
2146,33
2147,36
2148,39
2149,38
2150,37
2151,40
2152,43
2153,44
2154,43
2155,46
2156,47
2157,46
2158,45
2159,48
2160,45
2161,44
2162,42
2163,47
2164,51
2165,48
2166,46
2167,49
2168,46
2169,45
2170,46
2171,47
2172,45
2173,42
2174,43
2175,43
2176,44
2177,41
2178,47
2179,48
2180,48
2181,43
2182,43
2183,42
2184,38
2185,36
2186,36
2187,37
2188,32
2189,30
2190,30
2191,33
2192,33
2193,31
2194,30
2195,34
2196,35
2197,38
2198,39
2199,39
2200,37
2201,38
2202,42
2203,46
2204,47
2205,41
2206,36
2207,33
2208,34
2209,33
2210,33
2211,29
2212,26
2213,25
2214,28
2215,32
2216,36
2217,38
2218,38
2219,42
2220,49
2221,55
2222,56
2223,56
2224,58
2225,57
2226,56
2227,55
2228,54
2229,51
2230,42
2231,39
2232,38
2233,35
2234,32
2235,31
2236,29
2237,28
2238,32
2239,30
2240,33
2241,33
2242,33
2243,35
2244,32
2245,36
2246,38
2247,36
2248,37
2249,41
2250,44
2251,44
2252,44
2253,48
2254,56
2255,53
2256,54
2257,56
2258,56
2259,55
2260,56
2261,55
2262,56
2263,52
2264,46
2265,46
2266,43
2267,43
2268,40
2269,38
2270,35
2271,36
2272,37
2273,41
2274,41
2275,40
2276,44
2277,46
2278,44
2279,46
2280,46
2281,44
2282,44
2283,40
2284,37
2285,37
2286,33
2287,30
2288,31
2289,32
2290,33
2291,37
2292,35
2293,35
2294,42
2295,43
2296,44
2297,44
2298,48
2299,49
2300,44
2301,42
2302,45
2303,47
2304,42
2305,43
2306,48
2307,50
2308,47
2309,47
2310,48
2311,52
2312,49
2313,47
2314,47
2315,47
2316,41
2317,37
2318,35
2319,31
2320,36
2321,32
2322,32
2323,32
2324,35
2325,30
2326,30
2327,33
2328,34
2329,37
2330,34
2331,38
2332,38
2333,36
2334,33
2335,40
2336,40
2337,38
2338,41
2339,40
2340,44
2341,41
2342,42
2343,43
2344,44
2345,37
2346,42
2347,43
2348,41
2349,38
2350,34
2351,32
2352,37
2353,37
2354,36
2355,39
2356,37
2357,40
2358,38
2359,42
2360,47
2361,49
2362,46
2363,46
2364,47
2365,46
2366,47
2367,45
2368,46
2369,47
2370,44
2371,44
2372,42
2373,42
2374,41
2375,42
2376,40
2377,40
2378,43
2379,39
2380,42
2381,43
2382,42
2383,43
2384,44
2385,41
2386,40
2387,39
2388,37
2389,35
2390,32
2391,32
2392,32
2393,31
2394,31
2395,30
2396,31
2397,31
2398,29
2399,34
2400,35
2401,35
2402,35
2403,35
2404,34
2405,40
2406,42
2407,46
2408,47
2409,48
2410,46
2411,46
2412,46
2413,45
2414,50
2415,46
2416,45
2417,43
2418,42
2419,39
2420,40
2421,39
2422,43
2423,43
2424,41
2425,40
2426,42
2427,39
2428,44
2429,47
2430,45
2431,42
2432,43
2433,44
2434,44
2435,45
2436,42
2437,43
2438,41
2439,42
2440,42
2441,45
2442,42
2443,48
2444,48
2445,51
2446,52
2447,56
2448,57
2449,51
2450,51
2451,50
2452,50
2453,46
2454,46
2455,45
2456,44
2457,41
2458,38
2459,43
2460,45
2461,48
2462,45
2463,45
2464,43
2465,39
2466,40
2467,38
2468,36
2469,35
2470,32
2471,32
2472,35
2473,35
2474,34
2475,39
2476,37
2477,38
2478,39
2479,35
2480,37
2481,33
2482,33
2483,33
2484,33
2485,33
2486,34
2487,35
2488,37
2489,39
2490,36
2491,39
2492,39
2493,37
2494,37
2495,36
2496,37
2497,38
2498,35
2499,36
2500,42
2501,36
2502,35
2503,33
2504,36
2505,36
2506,35
2507,33
2508,35
2509,37
2510,33
2511,37
2512,35
2513,38
2514,36
2515,36
2516,37
2517,38
2518,41
2519,42
2520,43
2521,41
2522,40
2523,42
2524,43
2525,44
2526,45
2527,44
2528,43
2529,40
2530,41
2531,44
2532,45
2533,44
2534,44
2535,41
2536,41
2537,42
2538,45
2539,42
2540,41
2541,42
2542,43
2543,44
2544,44
2545,47
2546,46
2547,46
2548,39
2549,44
2550,43
2551,39
2552,41
2553,40
2554,37
2555,35
2556,34
2557,34
2558,40
2559,38
2560,39
2561,44
2562,45
2563,43
2564,47
2565,50
2566,50
2567,48
2568,47
2569,49
2570,50
2571,45
2572,42
2573,41
2574,40
2575,36
2576,39
2577,43
2578,39
2579,37
2580,35
2581,36
2582,34
2583,37
2584,36
2585,38
2586,36
2587,31
2588,32
2589,35
2590,35
2591,39
2592,43
2593,43
2594,47
2595,46
2596,47
2597,51
2598,51
2599,48
2600,48
2601,47
2602,47
2603,49
2604,45
2605,50
2606,50
2607,52
2608,54
2609,51
2610,51
2611,47
2612,47
2613,48
2614,49
2615,47
2616,47
2617,42
2618,41
2619,45
2620,44
2621,48
2622,47
2623,41
2624,41
2625,36
2626,38
2627,42
2628,40
2629,36
2630,40
2631,38
2632,41
2633,42
2634,42
2635,45
2636,41
2637,43
2638,46
2639,48
2640,43
2641,46
2642,40
2643,42
2644,41
2645,40
2646,44
2647,39
2648,36
2649,40
2650,42
2651,39
2652,43
2653,41
2654,40
2655,41
2656,40
2657,41
2658,44
2659,40
2660,41
2661,42
2662,38
2663,39
2664,42
2665,44
2666,42
2667,40
2668,36
2669,40
2670,38
2671,40
2672,42
2673,41
2674,41
2675,41
2676,40
2677,41
2678,43
2679,41
2680,43
2681,37
2682,43
2683,43
2684,41
2685,38
2686,39
2687,42
2688,42
2689,37
2690,34
2691,36
2692,30
2693,31
2694,27
2695,27
2696,27
2697,23
2698,27
2699,30
2700,32
2701,31
2702,33
2703,30
2704,33
2705,36
2706,38
2707,41
2708,36
2709,37
2710,38
2711,40
2712,38
2713,44
2714,46
2715,43
2716,38
2717,33
2718,36
2719,35
2720,36
2721,34
2722,36
2723,34
2724,31
2725,29
2726,32
2727,35
2728,39
2729,41
2730,40
2731,40
2732,38
2733,38
2734,39
2735,43
2736,40
2737,41
2738,33
2739,32
2740,32
2741,34
2742,36
2743,32
2744,31
2745,29
2746,32
2747,28
2748,29
2749,27
2750,27
2751,28
2752,28
2753,29
2754,29
2755,31
2756,34
2757,36
2758,39
2759,40
2760,38
2761,39
2762,35
2763,37
2764,43
2765,43
2766,42
2767,43
2768,40
2769,43
2770,42
2771,41
2772,43
2773,45
2774,42
2775,37
2776,35
2777,37
2778,38
2779,36
2780,39
2781,36
2782,36
2783,35
2784,35
2785,37
2786,37
2787,42
2788,44
2789,45
2790,45
2791,49
2792,51
2793,52
2794,54
2795,58
2796,58
2797,54
2798,50
2799,48
2800,48
2801,45
2802,47
2803,47
2804,47
2805,45
2806,43
2807,38
2808,42
2809,43
2810,44
2811,47
2812,48
2813,47
2814,42
2815,41
2816,43
2817,46
2818,46
2819,45
2820,46
2821,42
2822,36
2823,33
2824,36
2825,37
2826,36
2827,33
2828,31
2829,34
2830,37
2831,39
2832,37
2833,36
2834,39
2835,43
2836,43
2837,48
2838,51
2839,52
2840,50
2841,50
2842,55
2843,56
2844,50
2845,49
2846,49
2847,46
2848,45
2849,43
2850,37
2851,42
2852,38
2853,41
2854,41
2855,35
2856,39
2857,37
2858,36
2859,34
2860,40
2861,34
2862,37
2863,37
2864,38
2865,41
2866,40
2867,42
2868,41
2869,45
2870,40
2871,42
2872,41
2873,42
2874,46
2875,48
2876,46
2877,47
2878,51
2879,49
2880,52
2881,52
2882,56
2883,50
2884,49
2885,49
2886,49
2887,46
2888,44
2889,42
2890,39
2891,40
2892,38
2893,44
2894,42
2895,42
2896,42
2897,42
2898,44
2899,53
2900,55
2901,55
2902,54
2903,52
2904,48
2905,45
2906,44
2907,48
2908,42
2909,32
2910,33
2911,30
2912,28
2913,28
2914,33
2915,37
2916,36
2917,37
2918,39
2919,39
2920,37
2921,37
2922,41
2923,41
2924,39
2925,38
2926,38
2927,36
2928,36
2929,36
2930,35
2931,36
2932,36
2933,38
2934,39
2935,37
2936,39
2937,39
2938,39
2939,39
2940,41
2941,41
2942,40
2943,38
2944,39
2945,37
2946,36
2947,34
2948,36
2949,40
2950,45
2951,43
2952,43
2953,44
2954,44
2955,44
2956,44
2957,46
2958,44
2959,42
2960,37
2961,39
2962,38
2963,37
2964,32
2965,36
2966,39
2967,40
2968,44
2969,42
2970,43
2971,44
2972,45
2973,49
2974,52
2975,53
2976,53
2977,54
2978,50
2979,53
2980,53
2981,52
2982,53
2983,50
2984,49
2985,49
2986,47
2987,47
2988,50
2989,46
2990,45
2991,46
2992,43
2993,43
2994,45
2995,44
2996,42
2997,42
2998,39
2999,42
3000,41
3001,41
3002,43
3003,42
3004,48
3005,50
3006,53
3007,48
3008,50
3009,52
3010,54
3011,55
3012,54
3013,51
3014,45
3015,40
3016,39
3017,40
3018,41
3019,38
3020,39
3021,35
3022,37
3023,40
3024,41
3025,42
3026,38
3027,39
3028,40
3029,44
3030,43
3031,44
3032,41
3033,41
3034,36
3035,36
3036,42
3037,39
3038,32
3039,31
3040,30
3041,33
3042,36
3043,38
3044,42
3045,43
3046,40
3047,43
3048,45
3049,43
3050,41
3051,46
3052,46
3053,45
3054,43
3055,41
3056,39
3057,41
3058,41
3059,43
3060,44
3061,36
3062,31
3063,27
3064,28
3065,31
3066,33
3067,33
3068,34
3069,30
3070,31
3071,31
3072,37
3073,39
3074,42
3075,39
3076,37
3077,34
3078,33
3079,36
3080,35
3081,36
3082,36
3083,34
3084,29
3085,29
3086,35
3087,38
3088,42
3089,42
3090,41
3091,40
3092,36
3093,42
3094,45
3095,47
3096,42
3097,39
3098,35
3099,37
3100,40
3101,40
3102,39
3103,38
3104,44
3105,42
3106,41
3107,41
3108,48
3109,46
3110,47
3111,48
3112,48
3113,46
3114,45
3115,44
3116,47
3117,51
3118,45
3119,45
3120,42
3121,41
3122,42
3123,40
3124,40
3125,43
3126,43
3127,42
3128,42
3129,42
3130,43
3131,40
3132,42
3133,42
3134,38
3135,35
3136,33
3137,31
3138,32
3139,31
3140,28
3141,35
3142,36
3143,38
3144,41
3145,40
3146,39
3147,41
3148,42
3149,41
3150,46
3151,42
3152,42
3153,39
3154,36
3155,38
3156,43
3157,45
3158,42
3159,46
3160,41
3161,42
3162,40
3163,44
3164,41
3165,40
3166,39
3167,36
3168,36
3169,34
3170,35
3171,36
3172,35
3173,32
3174,33
3175,34
3176,31
3177,32
3178,33
3179,36
3180,40
3181,39
3182,40
3183,41
3184,42
3185,41
3186,46
3187,45
3188,44
3189,38
3190,33
3191,36
3192,38
3193,37
3194,37
3195,40
3196,36
3197,35
3198,40
3199,45
3200,48
3201,45
3202,44
3203,47
3204,47
3205,46
3206,54
3207,57
3208,51
3209,48
3210,51
3211,50
3212,50
3213,49
3214,50
3215,49
3216,41
3217,37
3218,38
3219,39
3220,33
3221,36
3222,33
3223,38
3224,37
3225,37
3226,36
3227,37
3228,39
3229,36
3230,42
3231,36
3232,40
3233,34
3234,34
3235,34
3236,36
3237,35
3238,34
3239,35
3240,32
3241,34
3242,32
3243,31
3244,32
3245,34
3246,31
3247,29
3248,28
3249,26
3250,26
3251,29
3252,29
3253,30
3254,28
3255,27
3256,28
3257,33
3258,37
3259,40
3260,40
3261,42
3262,41
3263,43
3264,43
3265,46
3266,44
3267,46
3268,46
3269,46
3270,43
3271,42
3272,41
3273,40
3274,42
3275,41
3276,44
3277,44
3278,42
3279,42
3280,45
3281,40
3282,42
3283,44
3284,44
3285,42
3286,40
3287,38
3288,41
3289,40
3290,43
3291,46
3292,47
3293,50
3294,50
3295,47
3296,46
3297,42
3298,42
3299,43
3300,43
3301,47
3302,49
3303,45
3304,41
3305,43
3306,50
3307,58
3308,55
3309,61
3310,57
3311,56
3312,53
3313,51
3314,54
3315,55
3316,52
3317,50
3318,50
3319,45
3320,44
3321,41
3322,40
3323,39
3324,39
3325,37
3326,38
3327,32
3328,34
3329,33
3330,34
3331,36
3332,39
3333,42
3334,40
3335,46
3336,42
3337,45
3338,42
3339,41
3340,41
3341,37
3342,36
3343,33
3344,33
3345,29
3346,36
3347,35
3348,36
3349,37
3350,34
3351,38
3352,35
3353,38
3354,40
3355,37
3356,34
3357,34
3358,33
3359,34
3360,40
3361,38
3362,39
3363,36
3364,35
3365,39
3366,38
3367,37
3368,35
3369,30
3370,29
3371,28
3372,32
3373,37
3374,39
3375,34
3376,35
3377,39
3378,40
3379,43
3380,43
3381,44
3382,41
3383,40
3384,37
3385,40
3386,37
3387,31
3388,30
3389,29
3390,30
3391,29
3392,33
3393,30
3394,31
3395,31
3396,33
3397,37
3398,44
3399,50
3400,48
3401,52
3402,44
3403,43
3404,43
3405,44
3406,42
3407,41
3408,36
3409,31
3410,32
3411,36
3412,41
3413,47
3414,49
3415,52
3416,54
3417,54
3418,51
3419,54
3420,51
3421,44
3422,41
3423,40
3424,42
3425,40
3426,39
3427,38
3428,40
3429,41
3430,41
3431,41
3432,41
3433,40
3434,36
3435,40
3436,43
3437,46
3438,50
3439,48
3440,50
3441,52
3442,56
3443,53
3444,52
3445,49
3446,49
3447,50
3448,50
3449,51
3450,51
3451,50
3452,51
3453,51
3454,54
3455,50
3456,52
3457,50
3458,51
3459,49
3460,48
3461,46
3462,41
3463,42
3464,42
3465,43
3466,39
3467,36
3468,38
3469,37
3470,37
3471,37
3472,35
3473,37
3474,35
3475,34
3476,34
3477,38
3478,32
3479,32
3480,34
3481,32
3482,38
3483,35
3484,35
3485,34
3486,31
3487,26
3488,25
3489,24
3490,22
3491,27
3492,24
3493,24
3494,26
3495,27
3496,30
3497,33
3498,34
3499,34
3500,39
3501,36
3502,38
3503,39
3504,45
3505,47
3506,46
3507,46
3508,45
3509,46
3510,45
3511,45
3512,46
3513,46
3514,40
3515,39
3516,38
3517,37
3518,35
3519,34
3520,28
3521,29
3522,28
3523,27
3524,28
3525,28
3526,27
3527,28
3528,31
3529,30
3530,31
3531,32
3532,29
3533,28
3534,24
3535,28
3536,31
3537,31
3538,33
3539,32
3540,35
3541,33
3542,36
3543,34
3544,34
3545,30
3546,32
3547,34
3548,33
3549,38
3550,36
3551,41
3552,41
3553,48
3554,47
3555,55
3556,50
3557,49
3558,47
3559,47
3560,47
3561,42
3562,44
3563,41
3564,43
3565,34
3566,34
3567,34
3568,34
3569,33
3570,34
3571,33
3572,30
3573,30
3574,29
3575,30
3576,34
3577,36
3578,39
3579,36
3580,35
3581,41
3582,41
3583,41
3584,43
3585,42
3586,40
3587,39
3588,36
3589,38
3590,40
3591,37
3592,35
3593,37
3594,36
3595,42
3596,42
3597,42
3598,42
3599,42
3600,41
3601,40
3602,42
3603,40
3604,46
3605,43
3606,48
3607,48
3608,49
3609,47
3610,47
3611,49
3612,48
3613,52
3614,47
3615,48
3616,46
3617,45
3618,42
3619,46
3620,45
3621,43
3622,49
3623,44
3624,43
3625,44
3626,41
3627,40
3628,43
3629,44
3630,48
3631,46
3632,39
3633,41
3634,41
3635,40
3636,37
3637,38
3638,38
3639,37
3640,33
3641,35
3642,33
3643,31
3644,29
3645,30
3646,34
3647,30
3648,30
3649,27
3650,29
3651,28
3652,32
3653,32
3654,32
3655,33
3656,34
3657,35
3658,34
3659,36
3660,36
3661,36
3662,37
3663,34
3664,41
3665,38
3666,40
3667,46
3668,48
3669,47
3670,47
3671,49
3672,53
3673,58
3674,53
3675,55
3676,51
3677,51
3678,53
3679,58
3680,57
3681,57
3682,51
3683,54
3684,57
3685,53
3686,55
3687,52
3688,50
3689,46
3690,46
3691,42
3692,47
3693,43
3694,43
3695,44
3696,44
3697,46
3698,48
3699,47
3700,47
3701,52
3702,45
3703,47
3704,46
3705,46
3706,48
3707,48
3708,48
3709,48
3710,50
3711,49
3712,53
3713,50
3714,49
3715,49
3716,47
3717,43
3718,41
3719,41
3720,38
3721,35
3722,34
3723,35
3724,37
3725,37
3726,37
3727,38
3728,40
3729,41
3730,43
3731,44
3732,41
3733,38
3734,38
3735,35
3736,38
3737,37
3738,36
3739,36
3740,33
3741,32
3742,34
3743,36
3744,35
3745,39
3746,35
3747,38
3748,34
3749,34
3750,37
3751,39
3752,39
3753,39
3754,37
3755,39
3756,38
3757,35
3758,40
3759,39
3760,37
3761,37
3762,36
3763,34
3764,33
3765,27
3766,25
3767,26
3768,20
3769,19
3770,23
3771,26
3772,30
3773,33
3774,32
3775,31
3776,34
3777,38
3778,43
3779,46
3780,41
3781,36
3782,42
3783,43
3784,48
3785,51
3786,53
3787,50
3788,46
3789,44
3790,44
3791,47
3792,40
3793,38
3794,34
3795,33
3796,29
3797,28
3798,33
3799,33
3800,38
3801,38
3802,38
3803,40
3804,40
3805,44
3806,51
3807,49
3808,48
3809,49
3810,47
3811,46
3812,46
3813,45
3814,48
3815,44
3816,36
3817,39
3818,36
3819,40
3820,39
3821,40
3822,40
3823,41
3824,39
3825,39
3826,43
3827,41
3828,46
3829,42
3830,43
3831,45
3832,48
3833,46
3834,47
3835,48
3836,50
3837,51
3838,53
3839,56
3840,53
3841,52
3842,50
3843,50
3844,51
3845,53
3846,48
3847,50
3848,44
3849,39
3850,46
3851,45
3852,41
3853,39
3854,38
3855,38
3856,41
3857,41
3858,41
3859,43
3860,37
3861,35
3862,42
3863,44
3864,41
3865,41
3866,42
3867,40
3868,39
3869,36
3870,34
3871,35
3872,30
3873,30
3874,35
3875,36
3876,40
3877,40
3878,42
3879,49
3880,54
3881,55
3882,54
3883,56
3884,52
3885,49
3886,41
3887,41
3888,41
3889,33
3890,32
3891,35
3892,36
3893,33
3894,34
3895,35
3896,36
3897,35
3898,35
3899,41
3900,42
3901,38
3902,37
3903,38
3904,41
3905,40
3906,44
3907,46
3908,47
3909,48
3910,46
3911,51
3912,52
3913,49
3914,48
3915,51
3916,46
3917,47
3918,47
3919,45
3920,44
3921,41
3922,40
3923,42
3924,45
3925,43
3926,47
3927,48
3928,48
3929,44
3930,50
3931,50
3932,55
3933,55
3934,50
3935,51
3936,48
3937,46
3938,44
3939,48
3940,44
3941,42
3942,37
3943,41
3944,41
3945,41
3946,41
3947,39
3948,43
3949,40
3950,39
3951,37
3952,37
3953,33
3954,34
3955,37
3956,42
3957,45
3958,44
3959,47
3960,46
3961,47
3962,52
3963,56
3964,57
3965,53
3966,53
3967,53
3968,51
3969,47
3970,50
3971,49
3972,44
3973,44
3974,42
3975,41
3976,34
3977,39
3978,39
3979,43
3980,44
3981,47
3982,48
3983,44
3984,49
3985,50
3986,54
3987,46
3988,44
3989,44
3990,41
3991,42
3992,42
3993,43
3994,38
3995,41
3996,39
3997,38
3998,41
3999,42
4000,43
