1,6
2,11
3,18
4,22
5,25
6,28
7,33
8,38
9,41
10,46
11,50
12,51
13,56
14,62
15,64
16,70
17,73
18,77
19,82
20,86
21,88
22,92
23,98
24,100
25,104
26,106
27,109
28,117
29,122
30,127
31,129
32,133
33,137
34,141
35,148
36,155
37,162
38,162
39,166
40,171
41,174
42,179
43,182
44,192
45,195
46,200
47,204
48,210
49,216
50,218
51,220
52,228
53,237
54,240
55,245
56,248
57,253
58,257
59,263
60,268
61,274
62,277
63,280
64,284
65,290
66,295
67,301
68,306
69,311
70,314
71,319
72,323
73,323
74,325
75,328
76,331
77,338
78,344
79,350
80,353
81,358
82,359
83,363
84,365
85,370
86,375
87,378
88,383
89,388
90,391
91,394
92,398
93,400
94,403
95,406
96,408
97,414
98,418
99,422
100,424
101,433
102,438
103,444
104,447
105,448
106,458
107,464
108,467
109,473
110,474
111,482
112,485
113,487
114,489
115,497
116,498
117,507
118,511
119,516
120,519
121,522
122,526
123,528
124,531
125,538
126,544
127,552
128,554
129,558
130,560
131,562
132,566
133,569
134,571
135,573
136,577
137,584
138,587
139,593
140,597
141,598
142,606
143,607
144,609
145,609
146,613
147,615
148,621
149,627
150,631
151,632
152,634
153,635
154,637
155,642
156,647
157,653
158,660
159,663
160,665
161,666
162,670
163,672
164,675
165,676
166,678
167,685
168,691
169,695
170,698
171,703
172,708
173,711
174,717
175,719
176,722
177,724
178,728
179,733
180,737
181,740
182,745
183,746
184,749
185,751
186,757
187,761
188,765
189,769
190,774
191,777
192,781
193,783
194,786
195,789
196,791
197,797
198,799
199,803
200,808
201,806
202,804
203,804
204,804
205,803
206,809
207,810
208,808
209,809
210,806
211,809
212,810
213,810
214,809
215,811
216,814
217,816
218,819
219,814
220,811
221,814
222,816
223,816
224,820
225,824
226,825
227,826
228,819
229,815
230,812
231,811
232,810
233,812
234,815
235,810
236,808
237,805
238,808
239,808
240,806
241,807
242,806
243,808
244,804
245,803
246,802
247,804
248,803
249,804
250,809
251,812
252,807
253,801
254,801
255,803
256,806
257,805
258,803
259,801
260,800
261,802
262,804
263,806
264,805
265,806
266,806
267,805
268,804
269,803
270,804
271,806
272,808
273,814
274,813
275,813
276,817
277,815
278,812
279,809
280,810
281,810
282,816
283,817
284,819
285,818
286,819
287,822
288,823
289,823
290,824
291,823
292,822
293,825
294,824
295,824
296,827
297,824
298,825
299,822
300,824
301,816
302,816
303,814
304,813
305,816
306,811
307,806
308,806
309,803
310,806
311,803
312,804
313,804
314,805
315,803
316,808
317,800
318,800
319,798
320,796
321,799
322,798
323,800
324,804
325,802
326,801
327,797
328,797
329,799
330,804
331,808
332,809
333,809
334,810
335,814
336,812
337,807
338,807
339,804
340,803
341,807
342,801
343,804
344,805
345,808
346,804
347,808
348,806
349,803
350,805
351,810
352,810
353,812
354,814
355,811
356,808
357,807
358,806
359,810
360,812
361,815
362,817
363,816
364,815
365,816
366,818
367,815
368,812
369,813
370,813
371,811
372,810
373,812
374,812
375,813
376,814
377,814
378,813
379,811
380,813
381,812
382,812
383,812
384,812
385,812
386,809
387,810
388,810
389,808
390,807
391,808
392,809
393,810
394,813
395,814
396,815
397,811
398,811
399,813
400,811
401,808
402,810
403,805
404,805
405,808
406,804
407,803
408,804
409,802
410,803
411,799
412,799
413,796
414,794
415,794
416,788
417,785
418,783
419,787
420,790
421,790
422,787
423,787
424,783
425,780
426,785
427,788
428,797
429,798
430,801
431,805
432,807
433,805
434,806
435,812
436,811
437,810
438,814
439,812
440,816
441,817
442,818
443,819
444,816
445,817
446,817
447,815
448,811
449,810
450,807
451,808
452,806
453,806
454,809
455,807
456,803
457,801
458,807
459,809
460,809
461,802
462,799
463,795
464,794
465,793
466,790
467,792
468,790
469,789
470,789
471,788
472,786
473,782
474,785
475,788
476,784
477,784
478,784
479,783
480,785
481,786
482,786
483,784
484,783
485,785
486,784
487,781
488,783
489,784
490,783
491,788
492,790
493,793
494,792
495,792
496,791
497,792
498,791
499,793
500,790
501,792
502,791
503,789
504,788
505,790
506,787
507,789
508,787
509,787
510,789
511,784
512,782
513,782
514,785
515,781
516,782
517,785
518,786
519,787
520,786
521,785
522,790
523,787
524,782
525,779
526,780
527,783
528,784
529,784
530,782
531,778
532,777
533,778
534,781
535,779
536,780
537,780
538,778
539,782
540,782
541,781
542,782
543,784
544,783
545,786
546,788
547,785
548,785
549,787
550,785
551,781
552,784
553,785
554,784
555,788
556,789
557,786
558,788
559,787
560,788
561,786
562,785
563,788
564,788
565,788
566,787
567,787
568,788
569,788
570,786
571,785
572,788
573,786
574,783
575,784
576,785
577,793
578,797
579,797
580,795
581,796
582,792
583,796
584,795
585,795
586,800
587,802
588,801
589,805
590,803
591,801
592,802
593,806
594,803
595,801
596,804
597,804
598,808
599,806
600,803
601,805
602,804
603,807
604,806
605,807
606,803
607,802
608,802
609,802
610,805
611,807
612,810
613,813
614,814
615,818
616,819
617,824
618,820
619,819
620,822
621,820
622,820
623,819
624,822
625,823
626,821
627,817
628,814
629,816
630,816
631,817
632,814
633,814
634,808
635,804
636,803
637,807
638,802
639,804
640,803
641,802
642,804
643,800
644,799
645,802
646,801
647,801
648,803
649,803
650,805
651,803
652,803
653,803
654,805
655,804
656,809
657,810
658,803
659,799
660,798
661,806
662,809
663,814
664,820
665,820
666,818
667,815
668,818
669,817
670,816
671,814
672,813
673,815
674,815
675,812
676,811
677,809
678,808
679,810
680,804
681,801
682,798
683,796
684,797
685,797
686,796
687,799
688,794
689,795
690,794
691,789
692,787
693,783
694,789
695,787
696,785
697,784
698,782
699,784
700,787
701,788
702,786
703,788
704,790
705,785
706,787
707,786
708,790
709,793
710,789
711,795
712,801
713,800
714,801
715,804
716,800
717,800
718,803
719,803
720,805
721,807
722,804
723,808
724,807
725,810
726,809
727,806
728,806
729,803
730,804
731,806
732,804
733,805
734,805
735,805
736,803
737,804
738,805
739,801
740,801
741,803
742,806
743,804
744,807
745,809
746,813
747,813
748,811
749,808
750,809
751,811
752,809
753,810
754,813
755,816
756,821
757,823
758,815
759,813
760,813
761,811
762,807
763,808
764,809
765,812
766,813
767,813
768,815
769,815
770,817
771,818
772,817
773,822
774,824
775,822
776,824
777,818
778,815
779,817
780,819
781,822
782,823
783,821
784,822
785,822
786,817
787,812
788,815
789,814
790,816
791,821
792,819
793,819
794,820
795,821
796,821
797,819
798,815
799,813
800,818
801,819
802,816
803,820
804,818
805,815
806,819
807,816
808,818
809,819
810,818
811,821
812,819
813,819
814,819
815,816
816,818
817,816
818,821
819,824
820,818
821,818
822,820
823,818
824,816
825,816
826,817
827,818
828,817
829,818
830,816
831,815
832,818
833,815
834,816
835,817
836,820
837,817
838,817
839,818
840,816
841,819
842,819
843,822
844,828
845,828
846,827
847,827
848,827
849,823
850,822
851,820
852,822
853,825
854,820
855,818
856,818
857,816
858,821
859,823
860,823
861,818
862,816
863,815
864,809
865,805
866,808
867,808
868,811
869,812
870,813
871,811
872,810
873,812
874,812
875,813
876,815
877,813
878,814
879,817
880,819
881,819
882,823
883,824
884,824
885,824
886,825
887,825
888,826
889,828
890,830
891,834
892,833
893,836
894,833
895,833
896,834
897,837
898,838
899,837
900,836
901,834
902,837
903,837
904,836
905,835
906,835
907,833
908,828
909,823
910,826
911,827
912,824
913,828
914,827
915,825
916,827
917,828
918,823
919,822
920,826
921,822
922,820
923,818
924,821
925,820
926,820
927,818
928,822
929,820
930,816
931,815
932,815
933,817
934,817
935,817
936,819
937,819
938,824
939,830
940,829
941,824
942,821
943,821
944,819
945,816
946,819
947,818
948,820
949,822
950,819
951,817
952,818
953,817
954,815
955,808
956,802
957,801
958,805
959,806
960,810
961,815
962,817
963,819
964,820
965,819
966,822
967,821
968,818
969,813
970,815
971,817
972,812
973,807
974,804
975,806
976,803
977,803
978,800
979,800
980,800
981,798
982,804
983,808
984,807
985,809
986,811
987,815
988,816
989,820
990,819
991,815
992,815
993,814
994,813
995,816
996,816
997,817
998,817
999,820
1000,820
