1,8
2,20
3,44
4,41
5,36
6,38
7,40
8,45
9,51
10,45
11,43
12,45
13,47
14,41
15,37
16,42
17,52
18,51
19,52
20,56
21,39
22,30
23,34
24,38
25,38
26,42
27,49
28,47
29,36
30,34
31,40
32,34
33,37
34,41
35,38
36,39
37,42
38,49
39,42
40,48
41,51
42,51
43,50
44,45
45,42
46,44
47,41
48,37
49,38
50,33
51,27
52,32
53,33
54,35
55,31
56,31
57,33
58,36
59,41
60,40
61,36
62,34
63,35
64,28
65,35
66,41
67,41
68,38
69,35
70,38
71,43
72,45
73,41
74,38
75,39
76,45
77,38
78,46
79,46
80,36
81,28
82,39
83,36
84,50
85,46
86,49
87,44
88,47
89,43
90,36
91,30
92,44
93,43
94,40
95,29
96,38
97,38
98,39
99,33
100,46
101,44
102,46
103,43
104,44
105,42
106,48
107,48
108,44
109,44
110,40
111,39
112,33
113,33
114,37
115,34
116,38
117,38
118,36
119,37
120,41
121,33
122,41
123,34
124,32
125,26
126,37
127,41
128,39
129,36
130,38
131,45
132,43
133,42
134,42
135,27
136,30
137,34
138,34
139,29
140,42
141,51
142,46
143,37
144,40
145,48
146,45
147,41
148,37
149,34
150,37
151,40
152,42
153,35
154,34
155,38
156,37
157,38
158,36
159,35
160,41
161,39
162,41
163,42
164,35
165,34
166,38
167,42
168,47
169,38
170,36
171,36
172,37
173,30
174,30
175,43
176,36
177,39
178,37
179,36
180,29
181,23
182,29
183,29
184,29
185,38
186,37
187,40
188,41
189,40
190,42
191,45
192,41
193,40
194,45
195,45
196,33
197,35
198,35
199,39
200,42
201,41
202,47
203,44
204,46
205,44
206,32
207,30
208,39
209,48
210,47
211,48
212,44
213,42
214,39
215,30
216,31
217,42
218,51
219,48
220,41
221,35
222,38
223,40
224,35
225,34
226,36
227,37
228,35
229,38
230,41
231,39
232,37
233,43
234,43
235,41
236,45
237,56
238,47
239,44
240,32
241,31
242,31
243,40
244,44
245,42
246,47
247,47
248,44
249,38
250,31
251,39
252,41
253,39
254,37
255,46
256,43
257,36
258,41
259,41
260,46
261,45
262,40
263,39
264,37
265,34
266,32
267,37
268,43
269,47
270,33
271,28
272,29
273,29
274,33
275,37
276,48
277,49
278,42
279,33
280,34
281,38
282,36
283,36
284,40
285,37
286,40
287,41
288,42
289,42
290,38
291,36
292,39
293,41
294,43
295,45
296,40
297,44
298,53
299,56
300,46
301,38
302,36
303,44
304,38
305,40
306,38
307,36
308,38
309,38
310,36
311,42
312,40
313,44
314,36
315,39
316,42
317,35
318,33
319,31
320,34
321,42
322,38
323,34
324,30
325,30
326,40
327,43
328,46
329,42
330,37
331,32
332,32
333,40
334,42
335,47
336,38
337,45
338,48
339,47
340,42
341,40
342,40
343,42
344,42
345,41
346,44
347,35
348,37
349,37
350,40
351,37
352,40
353,40
354,33
355,32
356,42
357,45
358,46
359,41
360,46
361,47
362,43
363,55
364,50
365,45
366,37
367,42
368,36
369,38
370,40
371,38
372,37
373,31
374,40
375,41
376,41
377,41
378,43
379,28
380,21
381,30
382,35
383,36
384,39
385,39
386,43
387,40
388,37
389,44
390,60
391,47
392,39
393,40
394,48
395,44
396,45
397,36
398,29
399,40
400,37
401,43
402,40
403,40
404,37
405,40
406,39
407,41
408,41
409,38
410,41
411,39
412,42
413,36
414,33
415,36
416,39
417,40
418,40
419,39
420,41
421,44
422,40
423,43
424,36
425,46
426,42
427,41
428,44
429,43
430,42
431,40
432,45
433,40
434,42
435,35
436,33
437,41
438,47
439,48
440,37
441,39
442,49
443,51
444,45
445,41
446,44
447,40
448,37
449,29
450,33
451,43
452,45
453,37
454,40
455,38
456,33
457,28
458,32
459,36
460,31
461,36
462,43
463,47
464,42
465,51
466,46
467,40
468,35
469,27
470,30
471,29
472,34
473,41
474,47
475,52
476,42
477,36
478,35
479,39
480,52
481,57
482,48
483,44
484,33
485,43
486,45
487,49
488,42
489,49
490,43
491,36
492,33
493,40
494,33
495,39
496,38
497,47
498,48
499,44
500,44
501,45
502,45
503,30
504,39
505,49
506,46
507,35
508,39
509,36
510,29
511,33
512,30
513,28
514,38
515,50
516,46
517,44
518,43
519,39
520,41
521,49
522,46
523,38
524,30
525,45
526,53
527,51
528,36
529,36
530,37
531,41
532,35
533,36
534,43
535,38
536,31
537,35
538,39
539,34
540,42
541,46
542,54
543,45
544,43
545,35
546,30
547,39
548,39
549,37
550,37
551,44
552,42
553,36
554,39
555,41
556,41
557,44
558,49
559,44
560,51
561,47
562,49
563,44
564,38
565,36
566,36
567,43
568,40
569,48
570,47
571,43
572,44
573,39
574,34
575,37
576,37
577,34
578,32
579,30
580,33
581,37
582,35
583,26
584,34
585,34
586,37
587,37
588,34
589,36
590,43
591,40
592,45
593,47
594,44
595,51
596,49
597,45
598,40
599,28
600,39
601,43
602,40
603,39
604,51
605,39
606,35
607,39
608,39
609,30
610,38
611,43
612,47
613,46
614,44
615,49
616,39
617,37
618,31
619,36
620,40
621,42
622,40
623,37
624,35
625,36
626,40
627,40
628,41
629,31
630,29
631,32
632,32
633,31
634,33
635,38
636,36
637,39
638,45
639,48
640,46
641,41
642,37
643,32
644,38
645,47
646,46
647,44
648,43
649,36
650,35
651,40
652,35
653,45
654,47
655,41
656,37
657,42
658,49
659,48
660,45
661,41
662,31
663,38
664,39
665,50
666,56
667,60
668,50
669,34
670,30
671,37
672,44
673,41
674,37
675,37
676,33
677,31
678,44
679,44
680,37
681,34
682,41
683,38
684,34
685,35
686,35
687,41
688,49
689,49
690,39
691,39
692,42
693,44
694,44
695,40
696,41
697,37
698,36
699,34
700,33
701,37
702,40
703,40
704,37
705,36
706,37
707,45
708,50
709,50
710,51
711,47
712,56
713,47
714,31
715,31
716,40
717,43
718,43
719,48
720,55
721,43
722,37
723,37
724,37
725,34
726,42
727,43
728,38
729,31
730,34
731,35
732,38
733,38
734,40
735,34
736,32
737,36
738,43
739,45
740,38
741,37
742,38
743,42
744,35
745,37
746,40
747,37
748,39
749,35
750,39
751,40
752,43
753,44
754,43
755,50
756,40
757,34
758,36
759,39
760,37
761,37
762,55
763,52
764,50
765,49
766,47
767,48
768,52
769,48
770,41
771,46
772,47
773,40
774,38
775,38
776,49
777,50
778,44
779,44
780,47
781,40
782,40
783,44
784,54
785,50
786,42
787,31
788,37
789,42
790,43
791,42
792,36
793,36
794,26
795,27
796,30
797,40
798,42
799,40
800,42
801,34
802,44
803,39
804,38
805,31
806,38
807,36
808,38
809,35
810,40
811,44
812,45
813,40
814,38
815,37
816,39
817,40
818,44
819,41
820,40
821,35
822,33
823,39
824,39
825,38
826,41
827,43
828,52
829,48
830,49
831,40
832,34
833,30
834,32
835,28
836,39
837,39
838,42
839,43
840,48
841,42
842,39
843,32
844,29
845,24
846,26
847,27
848,37
849,36
850,35
851,37
852,37
853,35
854,32
855,34
856,37
857,39
858,39
859,40
860,34
861,35
862,53
863,58
864,44
865,39
866,47
867,45
868,46
869,41
870,47
871,37
872,36
873,41
874,40
875,34
876,31
877,37
878,36
879,30
880,28
881,28
882,29
883,41
884,39
885,28
886,29
887,34
888,31
889,37
890,39
891,37
892,43
893,44
894,40
895,26
896,36
897,46
898,49
899,52
900,63
901,59
902,55
903,54
904,44
905,42
906,39
907,43
908,41
909,41
910,37
911,47
912,52
913,48
914,40
915,34
916,37
917,41
918,37
919,32
920,41
921,46
922,44
923,35
924,37
925,34
926,36
927,42
928,40
929,35
930,37
931,29
932,39
933,41
934,39
935,32
936,33
937,36
938,48
939,51
940,48
941,40
942,37
943,31
944,29
945,28
946,34
947,29
948,44
949,46
950,52
951,39
952,42
953,38
954,42
955,40
956,38
957,41
958,49
959,43
960,40
961,31
962,39
963,39
964,36
965,40
966,35
967,36
968,35
969,33
970,35
971,40
972,40
973,33
974,40
975,41
976,36
977,37
978,35
979,45
980,46
981,44
982,37
983,36
984,42
985,27
986,32
987,34
988,40
989,35
990,29
991,35
992,42
993,38
994,47
995,40
996,36
997,38
998,38
999,38
1000,38
